0.114018
0.172847
0.305872
0.369148
0.379504
0.393821
0.466534
0.467674
0.472484
0.472523
0.473596
0.474722
0.585888
0.595457
0.611176
0.649136
0.664312
0.675302
0.675664
0.676732
0.684439
0.699642
0.707538
0.711857
0.713457
0.722714
0.736521
0.779852
0.801482
0.855533
0.872635
0.876663
0.881681
0.886665
0.893187
0.897775
0.900291
0.933774
0.942860
0.950270
0.959892
0.969618
0.980081
0.992186
1.004761
1.028581
1.031582
1.062011
1.062298
1.064372
1.070628
1.086459
1.104229
1.123202
1.134014
1.141834
1.143874
1.157671
1.168635
1.174596
1.178779
1.191816
1.199491
1.203421
1.218340
1.221724
1.232394
1.249884
1.277823
1.303476
1.314895
1.321250
1.333440
1.390960
1.403790
1.407200
1.411588
1.426194
1.427469
1.431571
1.459995
1.464654
1.469618
1.488353
1.492209
1.493316
1.516625
1.531589
1.561525
1.563877
1.568225
1.596303
1.602016
1.602933
1.606353
1.613374
1.615573
1.615701
1.635878
1.636041
1.637910
1.641945
1.642820
1.643642
1.653894
1.657150
1.659885
1.665026
1.671445
1.678386
1.678727
1.700842
1.701032
1.707859
1.710435
1.712624
1.714245
1.718889
1.721732
1.723393
1.727700
1.727886
1.734022
1.736441
1.756455
1.763035
1.768226
1.784755
1.790115
1.795665
1.797538
1.802378
1.808807
1.809584
1.833811
1.839820
1.852520
1.858050
1.868231
1.872871
1.884895
1.888672
1.889059
1.890526
1.892257
1.894067
1.910238
1.920261
1.946538
1.950631
1.958259
1.964733
1.964915
1.966526
1.976212
1.982821
1.994056
1.999601
2.018441
2.022285
2.022598
2.023466
2.029319
2.037762
2.039024
2.040767
2.050670
2.067405
2.089420
2.090919
2.096933
2.112734
2.113187
2.127261
2.128632
2.141809
2.146369
2.157593
2.169463
2.170102
2.171202
2.183625
2.185615
2.191494
2.192702
2.193582
2.200752
2.205684
2.217959
2.235266
2.241271
2.255340
2.263784
2.265715
2.270794
2.275745
2.280592
2.290522
2.292858
2.297383
2.298287
2.298963
2.303452
2.306483
2.315062
2.319187
2.322065
2.335764
2.340474
2.355225
2.358343
2.359455
2.362617
2.366343
2.379662
2.383624
2.389033
2.390603
2.393155
2.393232
2.393611
2.409635
2.417522
2.417542
2.426752
2.430923
2.431541
2.434253
2.440560
2.441832
2.444140
2.451155
2.455478
2.458165
2.459723
2.480372
2.500762
2.502559
2.503025
2.506969
2.516692
2.527049
2.528603
2.535200
2.535345
2.543419
2.543857
2.548232
2.551863
2.553851
2.558971
2.562277
2.568363
2.571376
2.588911
2.591513
2.603680
2.614691
2.615397
2.616798
2.618604
2.626514
2.636928
2.638743
2.655108
2.661814
2.667673
2.671481
2.672550
2.674921
2.676578
2.676878
2.679578
2.679956
2.680201
2.682019
2.683239
2.686551
2.690406
2.691467
2.691478
2.694294
2.695703
2.696601
2.701075
2.702823
2.705741
2.717463
2.718449
2.719145
2.719761
2.722613
2.726867
2.735511
2.740713
2.742842
2.744296
2.745243
2.747666
2.751303
2.758750
2.763518
2.764347
2.765864
2.768715
2.777669
2.780989
2.781951
2.782706
2.792744
2.793987
2.800997
2.803387
2.810477
2.818589
2.829986
2.830374
2.835319
2.851457
2.858590
2.861279
2.861389
2.865478
2.868713
2.871386
2.875024
2.875062
2.877634
2.894536
2.897073
2.898451
2.907106
2.910716
2.911251
2.921125
2.923537
2.929060
2.930132
2.935159
2.937594
2.938875
2.942472
2.952341
2.971956
2.975139
2.976198
2.976502
2.980754
2.991335
2.993904
2.994441
2.995265
3.005852
3.023862
3.026409
3.028958
3.029270
3.031109
3.032829
3.035804
3.047547
3.058262
3.061024
3.065294
3.066724
3.072299
3.073355
3.075751
3.076299
3.078015
3.082366
3.084182
3.104499
3.106644
3.109518
3.111907
3.125908
3.126421
3.130482
3.136759
3.140649
3.146834
3.148498
3.155581
3.156427
3.160820
3.164011
3.165378
3.168818
3.168997
3.170317
3.172905
3.175527
3.180193
3.185520
3.187881
3.190362
3.200491
3.209538
3.210679
3.222496
3.225096
3.226126
3.229889
3.233030
3.245122
3.247949
3.248139
3.259058
3.262382
3.266329
3.273284
3.280322
3.281281
3.281285
3.281793
3.281831
3.283747
3.287353
3.293426
3.293869
3.296818
3.299559
3.300284
3.304175
3.308027
3.310438
3.318418
3.318723
3.323371
3.326629
3.329648
3.333800
3.347287
3.352948
3.364092
3.368761
3.372351
3.376935
3.377008
3.380848
3.382432
3.389025
3.389069
3.392092
3.392197
3.394674
3.394688
3.399194
3.400402
3.400564
3.401157
3.402822
3.412562
3.416465
3.416921
3.417068
3.419338
3.419398
3.423966
3.431047
3.436149
3.437835
3.440283
3.440620
3.458152
3.460716
3.460954
3.461280
3.463829
3.465428
3.471320
3.474938
3.477365
3.478684
3.486259
3.494793
3.496566
3.501019
3.506644
3.510502
3.513312
3.515559
3.525731
3.540476
3.545278
3.552897
3.558794
3.558963
3.559554
3.561299
3.563488
3.568324
3.569546
3.570821
3.572348
3.577939
3.578993
3.590644
3.592293
3.597986
3.599131
3.604483
3.607282
3.609825
3.611421
3.617658
3.619526
3.628083
3.631354
3.634346
3.635320
3.636494
3.636839
3.647484
3.653734
3.658311
3.661432
3.663170
3.663685
3.664517
3.665988
3.670980
3.671693
3.673393
3.683459
3.690488
3.690811
3.690938
3.694691
3.699757
3.700717
3.705696
3.705894
3.714018
3.715255
3.718741
3.727217
3.728928
3.730322
3.737577
3.737748
3.739278
3.739570
3.740374
3.740612
3.742078
3.743127
3.743555
3.744191
3.746922
3.750729
3.753470
3.756532
3.759017
3.762705
3.763501
3.771784
3.772371
3.774877
3.778265
3.779691
3.786986
3.787058
3.787505
3.788444
3.790918
3.791827
3.796009
3.797233
3.799556
3.799996
3.804803
3.806318
3.809459
3.809631
3.810502
3.811341
3.811421
3.811729
3.813467
3.818862
3.826761
3.835209
3.835402
3.837118
3.839465
3.846283
3.847217
3.871441
3.874859
3.876746
3.877055
3.877657
3.881548
3.882897
3.883865
3.884823
3.885811
3.888582
3.889580
3.896494
3.896679
3.904767
3.907024
3.909225
3.914349
3.917869
3.919380
3.921803
3.926319
3.928695
3.931423
3.931944
3.932055
3.933058
3.934073
3.936606
3.937522
3.941068
3.943634
3.948862
3.952096
3.955801
3.960536
3.960584
3.961226
3.963664
3.967281
3.967925
3.968179
3.978411
3.980560
3.982554
3.985595
3.988445
3.995862
3.999320
4.001600
4.006708
4.011096
4.012146
4.012592
4.013789
4.015149
4.015789
4.017074
4.018412
4.019803
4.023577
4.025976
4.027832
4.028075
4.028779
4.034017
4.037521
4.041241
4.043027
4.044991
4.045696
4.049938
4.053050
4.057965
4.059656
4.060040
4.065691
4.067535
4.078535
4.079540
4.081699
4.083853
4.084050
4.087647
4.092152
4.093192
4.096033
4.097204
4.098048
4.100576
4.105955
4.108280
4.111741
4.112061
4.114704
4.115493
4.116771
4.119117
4.120467
4.122986
4.124358
4.127655
4.128349
4.128906
4.134035
4.134751
4.138041
4.149031
4.149069
4.152348
4.152479
4.152687
4.154568
4.154817
4.157967
4.159584
4.168687
4.169515
4.178715
4.183976
4.184703
4.185704
4.186757
4.187009
4.187119
4.189551
4.193722
4.201480
4.208449
4.209937
4.214543
4.230009
4.231581
4.237121
4.238515
4.239126
4.246590
4.246824
4.247741
4.252583
4.258297
4.259868
4.260336
4.260736
4.261573
4.266314
4.266465
4.268972
4.271054
4.286359
4.290657
4.291692
4.300261
4.308511
4.312145
4.314184
4.315951
4.317016
4.319903
4.321054
4.323501
4.324730
4.332348
4.335944
4.338926
4.340720
4.341181
4.341778
4.347189
4.350108
4.354106
4.354137
4.359800
4.361101
4.362418
4.364025
4.364132
4.365191
4.366821
4.366922
4.370791
4.372234
4.373419
4.377960
4.379474
4.385616
4.385681
4.385977
4.387300
4.393118
4.394186
4.395766
4.402251
4.403264
4.411040
4.412983
4.418894
4.422471
4.433021
4.440357
4.442127
4.443885
4.446900
4.454727
4.455069
4.456178
4.456541
4.456739
4.459622
4.459942
4.466331
4.468238
4.468327
4.470641
4.471019
4.474582
4.483580
4.483833
4.486717
4.491672
4.496341
4.500126
4.500692
4.501638
4.506924
4.507644
4.508778
4.511952
4.512077
4.514272
4.518420
4.518916
4.520293
4.524441
4.524590
4.529684
4.532764
4.536205
4.536712
4.537726
4.542486
4.547549
4.547813
4.550604
4.553575
4.556857
4.558625
4.561186
4.564668
4.565104
4.569902
4.577134
4.583169
4.583522
4.585063
4.586007
4.589429
4.589697
4.591229
4.592935
4.605275
4.606004
4.607836
4.608456
4.612718
4.613758
4.615433
4.618514
4.621662
4.622829
4.624830
4.625827
4.627781
4.632693
4.636507
4.647840
4.650444
4.652450
4.657346
4.662848
4.665125
4.667035
4.667070
4.670008
4.673330
4.674039
4.678639
4.682471
4.683121
4.686158
4.688772
4.689662
4.693917
4.696305
4.705903
4.707838
4.710051
4.712944
4.714684
4.717075
4.721904
4.722558
4.722937
4.723137
4.723299
4.727416
4.729849
4.729937
4.731151
4.731217
4.732145
4.738366
4.742714
4.744969
4.754123
4.755818
4.755879
4.757643
4.757986
4.760296
4.760760
4.761257
4.762895
4.771274
4.772607
4.772783
4.773124
4.775493
4.775952
4.779487
4.789610
4.793116
4.800785
4.807889
4.807893
4.810221
4.811078
4.813267
4.813511
4.814266
4.814768
4.823627
4.825382
4.827021
4.836399
4.836994
4.837472
4.838172
4.839034
4.844956
4.845865
4.859262
4.865814
4.868851
4.870552
4.872851
4.875264
4.878123
4.879244
4.882457
4.884690
4.885162
4.886082
4.892078
4.892796
4.896320
4.902631
4.906883
4.907768
4.908074
4.908279
4.909246
4.910331
4.911142
4.912608
4.914969
4.915729
4.920079
4.930836
4.934572
4.936252
4.941024
4.946849
4.949647
4.952969
4.955083
4.960432
4.967921
4.969378
4.969431
4.970398
4.974791
4.977130
4.979051
4.980334
4.983331
4.984721
4.989821
4.991676
4.992404
4.992427
4.999431
5.001359
5.001489
5.002102
5.007614
5.011666
5.013019
5.013352
5.015632
5.017455
5.019030
5.021813
5.023439
5.024630
5.026046
5.026592
5.037335
5.039189
5.039779
5.047010
5.047914
5.048416
5.053366
5.057528
5.057652
5.058496
5.061084
5.063355
5.066709
5.067453
5.069315
5.069799
5.073761
5.076444
5.076597
5.077025
5.078259
5.078880
5.087349
5.092685
5.094320
5.097422
5.099227
5.099457
5.101006
5.101151
5.101444
5.103027
5.104793
5.105529
5.108739
5.112806
5.115337
5.117490
5.128537
5.129664
5.130447
5.130780
5.130941
5.133376
5.134855
5.138045
5.140783
5.142991
5.146046
5.151293
5.155029
5.156261
5.160695
5.161467
5.165665
5.168051
5.168885
5.170567
5.172405
5.176728
5.177252
5.178611
5.178718
5.179131
5.181150
5.181557
5.184412
5.188111
5.193494
5.195112
5.196942
5.199286
5.201477
5.205919
5.207327
5.209492
5.210116
5.213222
5.213827
5.223000
5.224417
5.225713
5.227113
5.230559
5.234689
5.236495
5.240290
5.241084
5.244076
5.249462
5.249931
5.252270
5.254488
5.260947
5.265309
5.269505
5.271909
5.273629
5.277517
5.278618
5.283065
5.292149
5.293241
5.293653
5.294392
5.299484
5.300018
5.300691
5.301954
5.302967
5.304350
5.304825
5.305576
5.306463
5.306754
5.309219
5.314155
5.316099
5.317884
5.321015
5.329431
5.329823
5.329851
5.331652
5.332550
5.332677
5.333380
5.333978
5.336307
5.342489
5.345995
5.353041
5.355489
5.358521
5.360160
5.366165
5.370620
5.377049
5.383566
5.388260
5.390203
5.394623
5.395060
5.395239
5.396185
5.396596
5.398343
5.399797
5.401931
5.405198
5.413877
5.418098
5.420462
5.423595
5.424194
5.424911
5.426853
5.434503
5.436956
5.439065
5.442880
5.444061
5.447541
5.449794
5.450238
5.453798
5.456395
5.458114
5.458712
5.463143
5.463769
5.465307
5.467523
5.467919
5.468288
5.468316
5.468462
5.479409
5.480587
5.481512
5.482438
5.486219
5.487426
5.488777
5.489319
5.491636
5.491899
5.497373
5.499168
5.499807
5.501627
5.506553
5.510171
5.510493
5.511402
5.511478
5.512354
5.513810
5.518882
5.522152
5.525622
5.526007
5.530491
5.540960
5.542573
5.542961
5.544780
5.546976
5.551094
5.551941
5.554912
5.556415
5.556696
5.557493
5.557992
5.558369
5.560126
5.560581
5.562355
5.569090
5.571482
5.572741
5.578059
5.578408
5.579890
5.581475
5.582898
5.583096
5.585181
5.587296
5.590690
5.592884
5.595890
5.600579
5.603935
5.607095
5.609161
5.615621
5.616521
5.618543
5.622515
5.622816
5.623291
5.623480
5.623577
5.624359
5.625266
5.629560
5.630147
5.630180
5.630506
5.637005
5.637257
5.638158
5.640574
5.644906
5.646078
5.649157
5.651249
5.656128
5.658242
5.659121
5.659702
5.660558
5.661142
5.661204
5.666571
5.667604
5.671614
5.671641
5.673167
5.674684
5.680255
5.681040
5.686391
5.691831
5.694482
5.694880
5.697384
5.697703
5.705414
5.706902
5.707270
5.716745
5.720740
5.724525
5.726076
5.727645
5.730380
5.731912
5.732473
5.733383
5.738123
5.741301
5.741385
5.741580
5.743753
5.743959
5.744221
5.745747
5.748917
5.749286
5.750302
5.753226
5.753389
5.754318
5.754566
5.756628
5.758046
5.772271
5.776035
5.776420
5.777743
5.777856
5.780150
5.780830
5.781375
5.784196
5.784218
5.784584
5.785896
5.787198
5.790078
5.793352
5.794183
5.795808
5.797167
5.798376
5.799880
5.801419
5.803428
5.803440
5.805607
5.806683
5.806956
5.808756
5.811978
5.814205
5.816793
5.818639
5.824863
5.827682
5.828550
5.835574
5.837025
5.837806
5.838118
5.840352
5.843049
5.846942
5.848059
5.852381
5.853152
5.860224
5.860286
5.861495
5.861712
5.864031
5.866881
5.867313
5.868504
5.869381
5.870509
5.871725
5.875663
5.875964
5.877237
5.877381
5.883265
5.887377
5.889580
5.890811
5.894111
5.897465
5.898023
5.900588
5.901904
5.906458
5.907932
5.908868
5.912077
5.914367
5.915545
5.915894
5.916305
5.919314
5.919446
5.920458
5.922113
5.923174
5.924417
5.925116
5.927259
5.930335
5.936160
5.939720
5.940533
5.944406
5.945628
5.945720
5.945972
5.947001
5.947318
5.947391
5.947874
5.950039
5.952480
5.958664
5.963100
5.964338
5.965152
5.971645
5.972720
5.974074
5.975752
5.976111
5.979864
5.980221
5.983178
5.983558
5.986606
5.986839
5.987467
5.988157
5.989624
5.990107
5.995128
5.995240
5.995286
5.998932
6.002982
6.004075
6.015942
6.021033
6.025127
6.025807
6.025955
6.026692
6.037027
6.038563
6.039056
6.040074
6.040248
6.041987
6.043024
6.047845
6.051534
6.052851
6.053567
6.055413
6.059707
6.062656
6.064376
6.069884
6.075240
6.076304
6.076772
6.077712
6.081962
6.082689
6.083603
6.085437
6.087618
6.087889
6.088249
6.091987
6.092128
6.092165
6.094878
6.094952
6.095433
6.095826
6.101173
6.111892
6.112966
6.113112
6.115617
6.116218
6.117512
6.117925
6.118339
6.118492
6.118666
6.120728
6.121945
6.122074
6.123345
6.125436
6.127520
6.128250
6.129509
6.130123
6.131979
6.132043
6.132443
6.132948
6.135521
6.136712
6.141458
6.142510
6.146190
6.147055
6.147594
6.147643
6.147950
6.154119
6.154826
6.157339
6.160092
6.162252
6.163070
6.165044
6.165125
6.165767
6.168976
6.169286
6.169767
6.179153
6.183627
6.183681
6.184080
6.184843
6.188826
6.189157
6.189283
6.191506
6.191755
6.197624
6.198571
6.198719
6.202000
6.202035
6.204874
6.205554
6.206106
6.207757
6.208954
6.209856
6.210056
6.210902
6.211128
6.211470
6.211778
6.218598
6.220230
6.221291
6.221437
6.223052
6.224428
6.224477
6.224537
6.230506
6.231583
6.241430
6.241674
6.242718
6.246315
6.249446
6.249727
6.251156
6.253189
6.256868
6.259182
6.264418
6.269861
6.273311
6.273658
6.278105
6.279247
6.281280
6.287870
6.288251
6.288959
6.289789
6.293066
6.295257
6.297866
6.299936
6.301309
6.303906
6.304264
6.308102
6.310386
6.312717
6.313785
6.314481
6.318710
6.321772
6.321798
6.327782
6.332643
6.334899
6.336195
6.336285
6.338630
6.339251
6.340039
6.343968
6.345013
6.353501
6.354286
6.355062
6.357366
6.357750
6.361884
6.362920
6.366474
6.366486
6.367133
6.368600
6.370810
6.373564
6.374219
6.375095
6.376904
6.377389
6.381128
6.381579
6.384209
6.384983
6.385385
6.386256
6.386902
6.387512
6.391939
6.393381
6.399185
6.400697
6.404850
6.407858
6.415702
6.417302
6.417394
6.417795
6.421257
6.421704
6.421991
6.429497
6.432049
6.434165
6.435415
6.435855
6.437216
6.437217
6.439636
6.440639
6.441071
6.442281
6.443526
6.447313
6.447409
6.447533
6.447569
6.448133
6.449906
6.449975
6.451879
6.453905
6.454142
6.458110
6.458392
6.459291
6.460133
6.460859
6.463533
6.466040
6.466289
6.468666
6.469689
6.475651
6.482436
6.483097
6.484770
6.486238
6.488406
6.488449
6.491094
6.495984
6.497888
6.498354
6.500570
6.505313
6.505603
6.508660
6.508908
6.509436
6.513329
6.516363
6.516380
6.519195
6.519830
6.521342
6.522376
6.524815
6.524933
6.529609
6.530925
6.532570
6.533131
6.534279
6.534991
6.537159
6.538635
6.540539
6.543580
6.548252
6.548398
6.548421
6.548867
6.549666
6.550202
6.551531
6.551897
6.552024
6.552464
6.552506
6.559814
6.560816
6.563676
6.565846
6.566382
6.569097
6.569508
6.572492
6.572510
6.572831
6.575150
6.575766
6.577280
6.579531
6.587753
6.587914
6.587920
6.596000
6.599027
6.601614
6.601693
6.603827
6.607481
6.609383
6.614264
6.614857
6.616427
6.617807
6.618320
6.619461
6.620055
6.620102
6.621578
6.623685
6.625065
6.625471
6.627428
6.627607
6.627887
6.628848
6.631960
6.633220
6.633716
6.639547
6.639956
6.643027
6.648485
6.651297
6.651448
6.651867
6.653066
6.653953
6.656171
6.660183
6.661064
6.668476
6.673414
6.673551
6.673688
6.674446
6.676178
6.677476
6.679289
6.679410
6.684143
6.684861
6.685682
6.685837
6.689716
6.695216
6.695936
6.696771
6.699754
6.702746
6.702908
6.703702
6.704147
6.705264
6.705761
6.708295
6.712246
6.713431
6.724308
6.729395
6.729823
6.731705
6.732467
6.733486
6.733608
6.733906
6.733972
6.735858
6.739636
6.740805
6.741967
6.745600
6.751047
6.751755
6.754842
6.756655
6.764734
6.769442
6.773617
6.773951
6.774812
6.776806
6.777905
6.778002
6.778559
6.778668
6.780835
6.781374
6.785977
6.786318
6.790323
6.793665
6.793970
6.796117
6.796487
6.799239
6.800459
6.801615
6.806656
6.810209
6.812244
6.816202
6.819492
6.826100
6.828215
6.833945
6.834291
6.834687
6.841736
6.844367
6.846299
6.847660
6.849178
6.850556
6.853227
6.854681
6.857106
6.859411
6.861631
6.864899
6.869572
6.876850
6.877683
6.880920
6.880983
6.884323
6.887579
6.888525
6.889386
6.891192
6.892529
6.893639
6.893840
6.895343
6.896541
6.902675
6.902676
6.904658
6.905953
6.909285
6.912935
6.913400
6.913404
6.914035
6.918625
6.919730
6.920253
6.920388
6.924864
6.926650
6.928812
6.928944
6.932981
6.938959
6.940446
6.953334
6.954778
6.954897
6.955011
6.957439
6.967445
6.968369
6.970388
6.971499
6.971674
6.971926
6.974268
6.974663
6.974799
6.976213
6.977294
6.978799
6.980616
6.981327
6.982258
6.989432
6.990781
6.995884
6.998851
6.999288
7.000129
7.003091
7.003279
7.004156
7.004998
7.006343
7.011426
7.012742
7.014200
7.018352
7.018721
7.019024
7.019866
7.020619
7.024988
7.028147
7.028858
7.029148
7.030334
7.036428
7.038491
7.044473
7.044766
7.045049
7.045992
7.046014
7.046254
7.049540
7.051990
7.052993
7.055407
7.055888
7.056802
7.057472
7.060152
7.061791
7.061807
7.063361
7.063790
7.063935
7.068649
7.069937
7.073012
7.073203
7.073549
7.073919
7.074834
7.075034
7.076079
7.077279
7.080588
7.081649
7.084521
7.084929
7.085682
7.086616
7.087059
7.087291
7.091127
7.091285
7.092781
7.093771
7.095179
7.096072
7.096473
7.096831
7.098764
7.100453
7.100465
7.101651
7.102388
7.106721
7.108536
7.109004
7.109500
7.110874
7.116113
7.118137
7.118479
7.119601
7.121278
7.123351
7.125168
7.127417
7.128770
7.130591
7.132957
7.135858
7.135889
7.138411
7.138516
7.139299
7.146857
7.147555
7.148789
7.151467
7.152478
7.152734
7.153642
7.157149
7.158110
7.158225
7.158972
7.158993
7.161215
7.162041
7.165139
7.174384
7.175441
7.176169
7.178461
7.180115
7.189883
7.190719
7.194323
7.195670
7.196603
7.196643
7.197690
7.199328
7.199794
7.207647
7.208332
7.211268
7.211336
7.211542
7.211746
7.217935
7.218444
7.222059
7.222619
7.222641
7.225314
7.225341
7.229137
7.229734
7.230847
7.231317
7.233952
7.237318
7.240022
7.240462
7.240859
7.241295
7.241358
7.242667
7.246309
7.246976
7.247155
7.248396
7.248886
7.249868
7.253481
7.253783
7.254937
7.255734
7.260153
7.261715
7.261894
7.262119
7.264008
7.264272
7.266293
7.267992
7.277107
7.277148
7.278146
7.278338
7.279248
7.283801
7.286932
7.293431
7.293654
7.298658
7.304529
7.306778
7.308163
7.308555
7.309497
7.310593
7.310595
7.311157
7.311696
7.313142
7.314194
7.315941
7.317588
7.319476
7.322022
7.324382
7.326388
7.327961
7.328546
7.329132
7.329351
7.329479
7.330127
7.330201
7.330786
7.330920
7.331945
7.333075
7.333653
7.335087
7.336254
7.343599
7.343887
7.345465
7.347347
7.350270
7.350781
7.356364
7.357986
7.362642
7.362852
7.363897
7.364077
7.364864
7.365868
7.368730
7.369722
7.371972
7.372237
7.375696
7.376700
7.376960
7.377917
7.383687
7.385123
7.387882
7.388522
7.388722
7.390494
7.392934
7.393740
7.395595
7.395906
7.401956
7.403428
7.406422
7.407533
7.410877
7.412998
7.414366
7.414865
7.416547
7.419831
7.423443
7.423654
7.424758
7.425020
7.426565
7.430450
7.432386
7.432689
7.436405
7.438992
7.439996
7.440579
7.442686
7.444249
7.449591
7.449957
7.451197
7.453836
7.455394
7.456006
7.456040
7.456148
7.457852
7.458050
7.464972
7.465219
7.466680
7.466744
7.469666
7.472327
7.472693
7.473906
7.475166
7.477015
7.477838
7.478240
7.478702
7.482616
7.483786
7.484657
7.486319
7.487137
7.487547
7.490504
7.490840
7.493163
7.494378
7.501940
7.501974
7.503388
7.503675
7.507087
7.507617
7.508038
7.513054
7.513381
7.516162
7.518744
7.524225
7.525109
7.525248
7.525264
7.530529
7.537037
7.539466
7.541174
7.548738
7.548896
7.550617
7.552015
7.552874
7.554092
7.555422
7.557812
7.558124
7.558418
7.563105
7.563870
7.565845
7.567084
7.567539
7.570227
7.570692
7.571453
7.573668
7.576115
7.576908
7.576995
7.577137
7.577242
7.577704
7.581076
7.587533
7.591876
7.591893
7.592875
7.594432
7.595392
7.595570
7.597082
7.602616
7.602932
7.602997
7.603772
7.604329
7.606213
7.608847
7.610070
7.611957
7.616942
7.618578
7.619025
7.619203
7.620366
7.622094
7.622959
7.624711
7.625139
7.626260
7.626737
7.633561
7.633786
7.634327
7.638056
7.638105
7.638348
7.640602
7.640742
7.644285
7.646779
7.646985
7.647030
7.651972
7.654356
7.654411
7.658083
7.658664
7.658907
7.659296
7.660684
7.663162
7.670773
7.674020
7.680132
7.681352
7.681445
7.681755
7.683274
7.684892
7.694161
7.694270
7.696975
7.697177
7.697977
7.699993
7.700545
7.701099
7.701797
7.703867
7.703889
7.704649
7.706885
7.708228
7.709141
7.711409
7.713390
7.719092
7.724109
7.724825
7.724868
7.726370
7.726834
7.730376
7.732039
7.732770
7.733278
7.734715
7.735022
7.735903
7.736771
7.737530
7.738195
7.739057
7.740501
7.742391
7.744536
7.747207
7.750258
7.752769
7.753117
7.755075
7.756366
7.758251
7.758596
7.759914
7.760751
7.760787
7.761363
7.762061
7.763384
7.763862
7.764497
7.765905
7.766812
7.769525
7.772804
7.773001
7.774307
7.774631
7.776195
7.778697
7.780955
7.781765
7.782916
7.784228
7.785208
7.785663
7.786720
7.787063
7.789968
7.790457
7.791280
7.791611
7.792501
7.792687
7.792892
7.794799
7.794875
7.795063
7.795283
7.797738
7.799996
7.801316
7.803861
7.806049
7.806498
7.806583
7.806773
7.807563
7.811418
7.813320
7.813320
7.814283
7.818135
7.818664
7.820093
7.822831
7.824121
7.824187
7.826781
7.830165
7.830653
7.832979
7.833719
7.834827
7.837311
7.840369
7.841226
7.843343
7.843368
7.852213
7.853293
7.854094
7.858147
7.859543
7.859729
7.860287
7.863111
7.864154
7.865405
7.865806
7.868598
7.872219
7.872363
7.873496
7.874375
7.875732
7.877485
7.879503
7.879517
7.880791
7.882724
7.884575
7.887643
7.888135
7.889065
7.889937
7.890222
7.890762
7.892170
7.895672
7.904262
7.908637
7.908734
7.908785
7.911347
7.911362
7.911383
7.912966
7.917264
7.917894
7.918917
7.919105
7.919708
7.921269
7.923903
7.925169
7.925232
7.925968
7.928170
7.932179
7.932995
7.938473
7.939716
7.941385
7.941824
7.947075
7.948223
7.948576
7.948746
7.948899
7.949421
7.950849
7.952663
7.953363
7.954163
7.956866
7.957988
7.960245
7.965563
7.966721
7.967770
7.971846
7.972404
7.977127
7.978218
7.979771
7.982104
7.984028
7.984596
7.984941
7.987724
7.988426
7.990217
7.991745
7.992306
7.993923
7.996490
7.997662
7.997861
7.998689
7.999610
8.000618
8.001878
8.004011
8.004284
8.006115
8.006304
8.009697
8.010378
8.010875
8.011335
8.012534
8.013186
8.015291
8.019503
8.020986
8.022101
8.026138
8.026711
8.030529
8.032827
8.037786
8.037813
8.038189
8.040431
8.040981
8.041728
8.042272
8.043411
8.044694
8.046440
8.047346
8.051962
8.055112
8.060835
8.061678
8.063606
8.064975
8.071495
8.071517
8.071744
8.071806
8.074654
8.077433
8.082214
8.082380
8.083955
8.084199
8.089476
8.091843
8.095274
8.096261
8.097536
8.098714
8.099785
8.100283
8.100747
8.103047
8.104185
8.107355
8.109087
8.109474
8.109548
8.109839
8.110529
8.113663
8.113815
8.114619
8.115610
8.117223
8.117392
8.122079
8.122897
8.125251
8.131249
8.134055
8.135549
8.135936
8.136480
8.136958
8.137755
8.139920
8.140590
8.141482
8.143052
8.144570
8.146240
8.146712
8.150933
8.154370
8.155246
8.158314
8.159493
8.160819
8.161214
8.164474
8.165514
8.166274
8.166369
8.168463
8.169262
8.169963
8.172481
8.177239
8.179044
8.182094
8.183538
8.185760
8.187395
8.189051
8.189369
8.194586
8.196787
8.197998
8.200099
8.201296
8.202035
8.204016
8.205344
8.205936
8.206351
8.206720
8.211938
8.212179
8.212701
8.213866
8.216171
8.216308
8.217116
8.217849
8.218550
8.220944
8.222876
8.223555
8.225528
8.226223
8.226759
8.227262
8.228790
8.229252
8.229645
8.230726
8.231014
8.232109
8.233676
8.233751
8.234879
8.235480
8.241942
8.242418
8.246880
8.247249
8.249198
8.250484
8.254028
8.255201
8.256092
8.258460
8.261290
8.261588
8.263939
8.265555
8.265655
8.270454
8.270995
8.271394
8.273460
8.277484
8.278356
8.278607
8.279708
8.281179
8.281187
8.281822
8.284832
8.285090
8.287871
8.291582
8.293581
8.294962
8.296934
8.302769
8.303929
8.304001
8.305252
8.306546
8.306704
8.307005
8.307960
8.309315
8.309606
8.309786
8.310254
8.311492
8.313775
8.315484
8.317735
8.320661
8.321103
8.324387
8.326468
8.330516
8.331811
8.333413
8.334124
8.335108
8.335156
8.335636
8.336644
8.340603
8.341111
8.344141
8.344234
8.345067
8.348996
8.355753
8.355970
8.356124
8.359058
8.359784
8.359929
8.363163
8.365797
8.366393
8.369788
8.370755
8.372641
8.373695
8.376239
8.379245
8.381142
8.382153
8.382831
8.383366
8.383678
8.383700
8.384353
8.385258
8.387263
8.389192
8.395580
8.399170
8.403667
8.403853
8.403919
8.404437
8.405911
8.406536
8.406871
8.408291
8.408742
8.409402
8.409677
8.410969
8.411066
8.411893
8.412565
8.412910
8.416860
8.417708
8.418488
8.421262
8.422493
8.422956
8.425346
8.428951
8.429162
8.430845
8.430951
8.432844
8.433040
8.434970
8.436853
8.437485
8.437675
8.437889
8.440528
8.442533
8.443494
8.443925
8.448107
8.450664
8.452296
8.455164
8.456795
8.457781
8.458327
8.458422
8.458437
8.458489
8.460993
8.462535
8.464102
8.467556
8.469514
8.469629
8.472494
8.473599
8.473600
8.473969
8.474942
8.478430
8.481167
8.482924
8.483847
8.487020
8.491570
8.492740
8.492957
8.496529
8.497465
8.497643
8.498841
8.498901
8.499322
8.500217
8.500970
8.503022
8.503653
8.507388
8.508332
8.508882
8.512167
8.515489
8.516450
8.518674
8.518744
8.520835
8.523405
8.523597
8.524015
8.526802
8.528457
8.530545
8.531131
8.531245
8.533723
8.537007
8.537436
8.538075
8.539270
8.541629
8.542014
8.542549
8.546753
8.548103
8.549974
8.550877
8.552364
8.553396
8.553598
8.555470
8.559604
8.560166
8.561672
8.562331
8.564468
8.564553
8.564751
8.564857
8.571190
8.572843
8.573965
8.574043
8.575848
8.576043
8.576530
8.579575
8.580222
8.580808
8.581556
8.582995
8.584972
8.585451
8.586094
8.586298
8.587292
8.587865
8.587911
8.589263
8.590695
8.591528
8.591940
8.592365
8.593481
8.594014
8.595353
8.595361
8.595664
8.597603
8.598798
8.598990
8.601893
8.602798
8.603182
8.603341
8.603454
8.606043
8.610327
8.610878
8.611643
8.611677
8.612520
8.615474
8.615855
8.615969
8.617950
8.620239
8.621262
8.621418
8.621470
8.621885
8.624730
8.624852
8.625123
8.626114
8.626364
8.627768
8.630678
8.632299
8.632409
8.632761
8.633429
8.633776
8.633826
8.636027
8.637473
8.638290
8.639266
8.639676
8.640533
8.642270
8.642920
8.643109
8.643870
8.645765
8.645853
8.646793
8.647857
8.648933
8.649205
8.651490
8.653781
8.654396
8.654985
8.657231
8.660256
8.664101
8.665852
8.670046
8.670982
8.672905
8.674711
8.676808
8.680135
8.680141
8.680854
8.681696
8.683558
8.685768
8.688358
8.691282
8.692004
8.692128
8.695079
8.699385
8.699482
8.699658
8.701636
8.704084
8.704605
8.707357
8.709657
8.711166
8.711709
8.714535
8.714996
8.717173
8.717382
8.718780
8.719305
8.721283
8.721573
8.721801
8.723244
8.725346
8.726120
8.727388
8.731389
8.732327
8.733004
8.733283
8.735243
8.735731
8.736166
8.738062
8.739345
8.740375
8.744225
8.747713
8.747964
8.749495
8.751275
8.752097
8.752706
8.754746
8.755288
8.756386
8.756601
8.756945
8.758322
8.758361
8.760139
8.760169
8.762311
8.768089
8.769284
8.773507
8.774385
8.778602
8.780508
8.780880
8.781406
8.781533
8.783818
8.786325
8.786565
8.792754
8.797127
8.797941
8.799414
8.800935
8.804861
8.804919
8.806196
8.806871
8.806963
8.810288
8.814994
8.816708
8.819250
8.821854
8.821929
8.823148
8.824181
8.825681
8.828499
8.832018
8.832115
8.832411
8.834417
8.835024
8.836662
8.838665
8.838820
8.843127
8.846798
8.847773
8.848956
8.849092
8.850454
8.850622
8.851115
8.852351
8.859296
8.860076
8.861085
8.863788
8.865379
8.867317
8.868558
8.871081
8.871582
8.875738
8.877044
8.877999
8.882529
8.882959
8.883849
8.885958
8.886539
8.887056
8.888599
8.888840
8.889865
8.891015
8.891181
8.894355
8.894690
8.895082
8.895706
8.899216
8.900229
8.900481
8.906384
8.906661
8.907980
8.908162
8.910269
8.911263
8.914320
8.916844
8.918660
8.919504
8.920540
8.923739
8.923860
8.928532
8.929546
8.929612
8.930457
8.931423
8.932957
8.936324
8.938293
8.939586
8.940136
8.940961
8.941980
8.944632
8.945843
8.947225
8.947318
8.947521
8.948437
8.950111
8.951744
8.951843
8.957876
8.958486
8.958605
8.959150
8.962930
8.963012
8.963889
8.964334
8.966098
8.967672
8.968548
8.969893
8.970696
8.972587
8.972627
8.973689
8.975123
8.975425
8.976064
8.976727
8.979928
8.980182
8.980204
8.983510
8.987258
8.990191
8.991701
8.993344
8.994381
8.995075
8.995964
8.999249
9.002560
9.004102
9.004168
9.004311
9.004629
9.005587
9.005822
9.005947
9.006471
9.007419
9.009004
9.009668
9.010827
9.013957
9.014749
9.015170
9.015670
9.017293
9.018524
9.018873
9.018960
9.019217
9.019967
9.022409
9.023670
9.025045
9.025769
9.027858
9.028926
9.030419
9.032051
9.032857
9.033100
9.033479
9.034791
9.036646
9.037960
9.038190
9.038888
9.039823
9.041934
9.043354
9.046029
9.046163
9.046890
9.047545
9.048713
9.049014
9.050588
9.052723
9.052724
9.053552
9.062497
9.062571
9.062788
9.063550
9.064273
9.065908
9.069430
9.070424
9.070904
9.073304
9.073684
9.074868
9.075327
9.075593
9.078067
9.082463
9.083066
9.089887
9.089931
9.098709
9.099455
9.099510
9.101350
9.104381
9.106247
9.108767
9.108858
9.110704
9.113128
9.113137
9.114200
9.114960
9.117645
9.119187
9.121516
9.121551
9.121702
9.122855
9.123714
9.126555
9.129023
9.129312
9.132761
9.134418
9.137013
9.137493
9.144714
9.145508
9.145819
9.146621
9.147040
9.147278
9.147393
9.147518
9.150889
9.154514
9.158517
9.158594
9.159790
9.162105
9.162482
9.162845
9.163237
9.163808
9.163821
9.166918
9.168675
9.168722
9.169919
9.170680
9.171422
9.176214
9.177302
9.181364
9.181935
9.182693
9.182781
9.184788
9.193962
9.195480
9.196863
9.198044
9.204624
9.205005
9.205608
9.207447
9.207459
9.207494
9.208856
9.209206
9.216210
9.217206
9.218633
9.219713
9.222396
9.222735
9.227040
9.227513
9.227528
9.227903
9.228097
9.228934
9.229292
9.229708
9.230068
9.231904
9.231904
9.233866
9.234820
9.236866
9.237040
9.240511
9.240718
9.241136
9.245192
9.245690
9.246840
9.250415
9.254067
9.254211
9.255884
9.256317
9.256668
9.257029
9.257821
9.258640
9.259996
9.262720
9.264293
9.266539
9.267724
9.268148
9.271193
9.271685
9.276821
9.277662
9.277665
9.278024
9.279563
9.281641
9.281718
9.284403
9.288241
9.292485
9.294836
9.297590
9.298321
9.298565
9.300791
9.301257
9.303258
9.303330
9.307490
9.307994
9.308434
9.309995
9.310816
9.311275
9.312518
9.312738
9.314206
9.314262
9.319001
9.321593
9.323010
9.323080
9.326903
9.328616
9.328850
9.329285
9.331512
9.334251
9.334515
9.334768
9.335276
9.335407
9.335438
9.335996
9.336009
9.337660
9.342911
9.343067
9.343271
9.343552
9.344324
9.344928
9.345263
9.347424
9.347952
9.349444
9.350162
9.351108
9.353172
9.353978
9.355053
9.357048
9.361947
9.363634
9.364150
9.365272
9.366992
9.367007
9.367833
9.369256
9.369257
9.371383
9.374627
9.375791
9.375800
9.377408
9.377568
9.377725
9.378162
9.379052
9.381375
9.382397
9.384451
9.385218
9.385659
9.387233
9.387781
9.390641
9.391226
9.392486
9.392589
9.394731
9.397216
9.397552
9.398423
9.401751
9.403178
9.405420
9.405491
9.407737
9.411432
9.412070
9.412778
9.414139
9.420636
9.422263
9.422491
9.426336
9.427500
9.427512
9.428480
9.429066
9.430138
9.434360
9.437943
9.438015
9.440267
9.447003
9.447534
9.447597
9.448408
9.452925
9.454668
9.457077
9.458509
9.459353
9.460772
9.464936
9.465450
9.466836
9.466886
9.469141
9.471588
9.473237
9.474341
9.476136
9.479787
9.481515
9.483113
9.483342
9.484852
9.484935
9.485049
9.485221
9.485267
9.485338
9.485910
9.486622
9.487597
9.490189
9.490758
9.492253
9.493397
9.499352
9.499479
9.500986
9.503925
9.507512
9.508834
9.509777
9.513770
9.513824
9.515782
9.515943
9.516200
9.517750
9.517904
9.519509
9.519887
9.520504
9.524221
9.528681
9.529549
9.532356
9.532448
9.533384
9.534161
9.536028
9.537828
9.537858
9.538449
9.538918
9.543091
9.543344
9.544194
9.545608
9.545664
9.545899
9.546727
9.547353
9.552186
9.554725
9.555461
9.555840
9.557124
9.558162
9.562299
9.562629
9.562976
9.564517
9.572911
9.579262
9.580502
9.581847
9.582135
9.582492
9.586187
9.586803
9.587099
9.587159
9.587295
9.588751
9.589431
9.590028
9.592974
9.600478
9.602033
9.602434
9.603442
9.603475
9.603619
9.605202
9.605237
9.606088
9.607554
9.609200
9.609561
9.609756
9.610459
9.610799
9.611814
9.612858
9.613843
9.614006
9.614563
9.615967
9.616306
9.618241
9.619181
9.619267
9.620146
9.621245
9.621845
9.622926
9.623630
9.624145
9.624604
9.626900
9.630793
9.632234
9.632334
9.633852
9.635330
9.638070
9.639054
9.640484
9.641285
9.644460
9.646455
9.647770
9.647882
9.649144
9.650452
9.651076
9.651683
9.652742
9.656404
9.656852
9.656962
9.657555
9.658468
9.666379
9.668193
9.668857
9.669284
9.669312
9.669769
9.670522
9.670750
9.670811
9.674558
9.675383
9.675420
9.675541
9.677831
9.678598
9.678706
9.679463
9.679648
9.682729
9.683452
9.684104
9.684108
9.684213
9.684766
9.687094
9.687228
9.687266
9.687308
9.687648
9.687918
9.688937
9.689719
9.691156
9.691707
9.693453
9.695400
9.697366
9.699351
9.699399
9.699825
9.700072
9.700991
9.703989
9.705149
9.705231
9.705714
9.707062
9.707927
9.708451
9.718806
9.723740
9.725788
9.726761
9.727126
9.728552
9.728972
9.730268
9.730544
9.732554
9.733323
9.735320
9.735892
9.736515
9.737026
9.738568
9.739001
9.739093
9.739727
9.741113
9.741433
9.741573
9.741730
9.741779
9.742181
9.742515
9.743003
9.743100
9.743639
9.745856
9.746710
9.746852
9.747289
9.747781
9.748749
9.750204
9.751775
9.752119
9.752187
9.754397
9.754646
9.758238
9.758647
9.760228
9.761225
9.761784
9.765571
9.766556
9.767469
9.767518
9.768589
9.769514
9.769787
9.771734
9.771858
9.778262
9.778397
9.778452
9.780672
9.781303
9.781493
9.783312
9.783382
9.783737
9.786606
9.786942
9.787132
9.789624
9.790409
9.791979
9.792471
9.793053
9.793191
9.793545
9.794079
9.795924
9.801015
9.805503
9.806804
9.807372
9.808794
9.809964
9.810692
9.812298
9.812965
9.813510
9.814406
9.814862
9.816598
9.818345
9.818353
9.818846
9.823867
9.824559
9.827525
9.828498
9.829064
9.829182
9.832031
9.833220
9.836205
9.837045
9.838205
9.838354
9.838375
9.840663
9.841233
9.841519
9.841748
9.844392
9.844883
9.846855
9.847638
9.847986
9.851973
9.855602
9.856332
9.856790
9.858332
9.858952
9.859552
9.860010
9.861071
9.861512
9.861846
9.862552
9.863755
9.865812
9.867646
9.869559
9.869818
9.870413
9.873322
9.873596
9.875697
9.877216
9.877373
9.877625
9.879165
9.879194
9.879608
9.882366
9.882855
9.884074
9.884327
9.885439
9.885627
9.887599
9.888603
9.888833
9.889171
9.891203
9.891779
9.892172
9.894324
9.894565
9.899013
9.901398
9.901542
9.902183
9.902745
9.904054
9.904385
9.904875
9.904889
9.904971
9.905035
9.905514
9.905573
9.906006
9.908127
9.908937
9.909776
9.909854
9.911458
9.912273
9.912357
9.914787
9.915211
9.915744
9.918708
9.920489
9.920556
9.926126
9.926191
9.926338
9.928075
9.931505
9.934005
9.935515
9.936532
9.938929
9.938936
9.939921
9.940172
9.940619
9.940788
9.941100
9.941184
9.941453
9.941866
9.943809
9.945202
9.945536
9.947043
9.947694
9.948748
9.950490
9.950846
9.951195
9.953832
9.954256
9.956650
9.956908
9.959102
9.963402
9.965220
9.966179
9.968424
9.969239
9.971508
9.971817
9.971934
9.972044
9.972691
9.972778
9.972827
9.972855
9.973326
9.973869
9.974930
9.975506
9.976958
9.978263
9.980989
9.981247
9.984248
9.985346
9.987120
9.989444
9.994059
9.994092
9.994826
9.996902
9.999193
10.001382
10.002173
10.003246
10.004646
10.005494
10.006198
10.007713
10.009102
10.009687
10.012894
10.014837
10.015087
10.015484
10.015698
10.016261
10.017367
10.017666
10.019578
10.020225
10.022523
10.023812
10.025053
10.025184
10.025402
10.026180
10.027214
10.028016
10.029066
10.029270
10.030846
10.033838
10.035200
10.040189
10.040385
10.042214
10.043490
10.045756
10.046241
10.046709
10.051314
10.051941
10.052832
10.053867
10.054859
10.057118
10.058240
10.058623
10.059218
10.059241
10.060481
10.061617
10.066249
10.067141
10.067243
10.069075
10.070735
10.072354
10.072863
10.073742
10.074052
10.075973
10.076655
10.077552
10.085018
10.085125
10.086686
10.087120
10.088514
10.089263
10.089947
10.090335
10.091058
10.096163
10.097227
10.102011
10.103484
10.103834
10.106924
10.109848
10.110855
10.111124
10.111586
10.112325
10.112966
10.115486
10.115665
10.115900
10.117497
10.118624
10.120210
10.121737
10.122270
10.122565
10.123461
10.129525
10.130881
10.131213
10.131310
10.132021
10.132891
10.135286
10.136638
10.139990
10.140481
10.142137
10.143818
10.144182
10.144391
10.145337
10.148877
10.148904
10.151280
10.151491
10.152084
10.154117
10.155055
10.155800
10.156146
10.157745
10.158704
10.159456
10.160492
10.161405
10.161635
10.162078
10.162802
10.163393
10.164633
10.166765
10.168093
10.168743
10.171140
10.173294
10.173703
10.173737
10.176946
10.178736
10.178969
10.179724
10.184936
10.186117
10.187416
10.189770
10.190824
10.192824
10.194246
10.196148
10.197311
10.200727
10.202223
10.205081
10.205333
10.206033
10.207151
10.207320
10.208009
10.210527
10.211518
10.211543
10.211609
10.214076
10.214553
10.217931
10.218751
10.219534
10.219833
10.220009
10.221871
10.225294
10.226921
10.227494
10.227719
10.228148
10.229945
10.230225
10.232629
10.234969
10.236513
10.236647
10.238486
10.239698
10.239773
10.241175
10.243901
10.244560
10.245221
10.246459
10.246769
10.247605
10.247728
10.251339
10.251906
10.252162
10.255941
10.262999
10.263823
10.265189
10.265279
10.266959
10.267580
10.267766
10.270297
10.271143
10.271352
10.272517
10.272740
10.275141
10.276717
10.277035
10.279267
10.281344
10.281565
10.284996
10.285261
10.287401
10.287444
10.293842
10.295654
10.296771
10.300296
10.300944
10.302807
10.305127
10.305885
10.306677
10.312343
10.312675
10.312979
10.314325
10.315642
10.316627
10.317104
10.317803
10.320448
10.322285
10.325157
10.325903
10.327377
10.327780
10.329426
10.329683
10.330962
10.332159
10.333508
10.334177
10.334566
10.335027
10.338298
10.339715
10.340860
10.343140
10.345218
10.346943
10.349586
10.349924
10.352400
10.354091
10.354500
10.355734
10.356636
10.358617
10.359511
10.361549
10.361549
10.361787
10.363650
10.363945
10.364157
10.364630
10.367056
10.368276
10.369421
10.372452
10.374815
10.375624
10.376351
10.376552
10.378790
10.383679
10.385180
10.385227
10.387106
10.387260
10.387530
10.387774
10.389391
10.390613
10.394439
10.395383
10.396805
10.397972
10.399474
10.401257
10.403419
10.408030
10.408127
10.408200
10.408302
10.409002
10.410851
10.411336
10.414650
10.416793
10.417795
10.422115
10.424672
10.425025
10.426978
10.426984
10.429757
10.432120
10.432205
10.432278
10.436024
10.436107
10.439610
10.439990
10.441938
10.447305
10.449311
10.449597
10.451495
10.451862
10.452988
10.455388
10.456798
10.458315
10.459257
10.460399
10.461137
10.463302
10.468828
10.471176
10.475763
10.476793
10.480215
10.480870
10.482531
10.483267
10.483670
10.484718
10.485211
10.490892
10.493083
10.493966
10.496488
10.496596
10.496803
10.496947
10.497992
10.499307
10.500663
10.501437
10.502089
10.503962
10.504076
10.504331
10.504368
10.505991
10.506343
10.506500
10.506554
10.507669
10.508539
10.508684
10.512939
10.514653
10.515816
10.517717
10.520114
10.521552
10.523464
10.527857
10.528136
10.528397
10.533825
10.536092
10.541689
10.542260
10.546876
10.547175
10.547840
10.549140
10.549438
10.550093
10.550366
10.553845
10.554135
10.554310
10.558274
10.559109
10.561674
10.562088
10.562327
10.564260
10.564280
10.565770
10.568510
10.569043
10.570284
10.570408
10.576005
10.576392
10.577571
10.578370
10.579690
10.579728
10.579744
10.583334
10.586204
10.590759
10.592463
10.593872
10.594101
10.595923
10.596158
10.596454
10.598058
10.599261
10.603653
10.603867
10.604955
10.607260
10.608251
10.612745
10.620086
10.625880
10.626237
10.626867
10.627119
10.629942
10.634850
10.636895
10.636940
10.637360
10.637689
10.638392
10.640655
10.642261
10.643570
10.643603
10.649197
10.649538
10.651427
10.653199
10.654276
10.654475
10.657157
10.657984
10.659481
10.661141
10.661542
10.664837
10.666374
10.667574
10.668686
10.669624
10.669688
10.669824
10.670176
10.671125
10.671786
10.673793
10.677110
10.679048
10.681280
10.681874
10.683732
10.684563
10.686273
10.689435
10.689867
10.691843
10.694620
10.695904
10.698080
10.699867
10.701655
10.702957
10.704371
10.705469
10.705620
10.705685
10.705798
10.707260
10.708282
10.710663
10.710850
10.711420
10.712213
10.713322
10.715394
10.715633
10.716133
10.716828
10.719751
10.720067
10.720933
10.722531
10.723970
10.724355
10.725713
10.725862
10.726039
10.727285
10.732321
10.733485
10.734248
10.736869
10.738260
10.739682
10.740305
10.740898
10.741654
10.742918
10.744113
10.745898
10.749005
10.754772
10.757628
10.758552
10.758646
10.759630
10.760783
10.761227
10.761478
10.762415
10.764793
10.765125
10.766009
10.766428
10.767114
10.769764
10.771039
10.771268
10.771600
10.773029
10.773135
10.773174
10.775568
10.778372
10.778715
10.779024
10.779342
10.780414
10.782941
10.783091
10.783132
10.784119
10.790607
10.793124
10.793793
10.800580
10.800729
10.802031
10.809120
10.813980
10.815588
10.820014
10.820679
10.820826
10.821070
10.821623
10.822667
10.824816
10.825804
10.827615
10.830789
10.831567
10.832234
10.832356
10.834535
10.837157
10.842705
10.846292
10.846334
10.848415
10.850043
10.851650
10.852324
10.854777
10.856193
10.856970
10.859405
10.860513
10.863819
10.864210
10.865934
10.866487
10.867811
10.868160
10.872226
10.874209
10.874919
10.875988
10.876583
10.879113
10.881429
10.882576
10.883828
10.883923
10.884149
10.885235
10.885376
10.888739
10.889453
10.891484
10.894646
10.899371
10.902259
10.903097
10.905307
10.907062
10.907095
10.908093
10.910373
10.911193
10.914393
10.915455
10.920209
10.921138
10.921256
10.923779
10.925220
10.925545
10.925612
10.925954
10.928566
10.929254
10.930684
10.932963
10.933809
10.935784
10.940511
10.940989
10.941283
10.941976
10.945579
10.948189
10.950719
10.952022
10.953603
10.954415
10.956683
10.958424
10.958555
10.958566
10.958600
10.960864
10.961878
10.963534
10.967454
10.969859
10.971651
10.973238
10.976103
10.976906
10.978366
10.980404
10.985603
10.986452
10.988296
10.990670
10.991677
10.996579
11.000073
11.001181
11.002177
11.002788
11.003515
11.004313
11.006716
11.007672
11.008344
11.014295
11.014557
11.018606
11.020460
11.022235
11.024282
11.024600
11.025584
11.025662
11.026296
11.026662
11.031013
11.035816
11.037552
11.038067
11.039207
11.042990
11.043352
11.044852
11.046267
11.047187
11.047476
11.051712
11.052460
11.053265
11.056741
11.056898
11.059517
11.060522
11.065287
11.067162
11.068425
11.068450
11.069146
11.069304
11.076241
11.076292
11.076831
11.077810
11.078426
11.079488
11.079956
11.083019
11.083842
11.084686
11.085972
11.085983
11.086730
11.086976
11.088156
11.089847
11.091521
11.093502
11.097023
11.098156
11.099365
11.100961
11.102238
11.104295
11.104391
11.105922
11.108437
11.109153
11.109525
11.111014
11.112135
11.112211
11.113294
11.114387
11.115530
11.116714
11.119305
11.124053
11.127112
11.127649
11.127856
11.128139
11.128661
11.129172
11.131291
11.131776
11.132242
11.132542
11.132938
11.133899
11.135162
11.140796
11.140966
11.141087
11.142577
11.145693
11.150708
11.152747
11.153006
11.154243
11.155935
11.157135
11.157190
11.160505
11.163614
11.164350
11.165458
11.168941
11.169996
11.170506
11.170765
11.172242
11.172463
11.172985
11.173910
11.178123
11.179251
11.180477
11.180630
11.180746
11.183039
11.184310
11.185440
11.185470
11.188416
11.189980
11.191887
11.192819
11.193957
11.196057
11.197389
11.197705
11.198127
11.199415
11.201221
11.201983
11.205905
11.208920
11.211111
11.213926
11.215017
11.215220
11.215518
11.215546
11.222179
11.226759
11.228864
11.229444
11.229904
11.230594
11.232278
11.234427
11.235205
11.236864
11.242213
11.242524
11.243945
11.244804
11.246340
11.249740
11.249806
11.251879
11.255029
11.255348
11.257804
11.259547
11.260306
11.263627
11.263954
11.267013
11.267445
11.267999
11.268418
11.269874
11.269907
11.270581
11.271201
11.273344
11.275494
11.279736
11.280026
11.281491
11.283066
11.283498
11.283806
11.284765
11.285766
11.291088
11.291506
11.294623
11.295954
11.296391
11.296971
11.299045
11.300312
11.301843
11.304609
11.311018
11.311240
11.313900
11.314166
11.315493
11.318996
11.325467
11.325880
11.326242
11.326781
11.331248
11.332049
11.333125
11.337553
11.339971
11.343482
11.353094
11.356205
11.357343
11.357644
11.357664
11.361762
11.362336
11.362771
11.363132
11.365538
11.367211
11.369112
11.370086
11.371787
11.372605
11.374063
11.374570
11.378139
11.380757
11.380970
11.381609
11.381662
11.382940
11.384413
11.384582
11.384948
11.385655
11.389591
11.390486
11.391450
11.392901
11.393105
11.393740
11.394099
11.395816
11.398289
11.402420
11.407574
11.409825
11.409885
11.412616
11.416551
11.418262
11.418555
11.422114
11.422448
11.422847
11.423975
11.424187
11.425808
11.430541
11.434314
11.435123
11.439551
11.439615
11.440484
11.441047
11.441134
11.444157
11.444766
11.447598
11.449476
11.450116
11.451142
11.452029
11.452372
11.456775
11.458346
11.458351
11.458734
11.461267
11.462864
11.463630
11.465599
11.466563
11.467340
11.467824
11.469078
11.469568
11.471409
11.472377
11.473017
11.473287
11.473540
11.478099
11.479754
11.481481
11.485705
11.492577
11.495377
11.495816
11.497466
11.497813
11.498017
11.498381
11.502669
11.504226
11.504493
11.505616
11.505967
11.513354
11.513513
11.515270
11.516093
11.518636
11.518794
11.519719
11.520068
11.529755
11.530169
11.533237
11.534100
11.534716
11.535763
11.537685
11.538591
11.539157
11.539426
11.540099
11.540726
11.543686
11.545438
11.546272
11.549388
11.550394
11.554572
11.559259
11.559449
11.560036
11.560322
11.563504
11.564778
11.565551
11.566315
11.571957
11.573469
11.575624
11.576150
11.580946
11.583049
11.584307
11.585320
11.586138
11.589135
11.589514
11.590102
11.590511
11.592663
11.595541
11.595705
11.596358
11.598766
11.598906
11.599575
11.599915
11.600280
11.601184
11.601391
11.601434
11.602487
11.603927
11.604270
11.604891
11.608128
11.609560
11.612407
11.612479
11.612789
11.613460
11.614399
11.614776
11.614958
11.614967
11.618061
11.620720
11.620770
11.625658
11.626272
11.627725
11.628549
11.628747
11.629405
11.634057
11.637103
11.637588
11.637834
11.638126
11.639309
11.639977
11.640052
11.640301
11.642156
11.644666
11.652296
11.652576
11.653785
11.655543
11.657805
11.659556
11.661024
11.661990
11.662300
11.663523
11.665448
11.665593
11.666975
11.671603
11.672373
11.676165
11.677604
11.679659
11.683309
11.683374
11.684100
11.684275
11.686852
11.689241
11.691429
11.692732
11.692958
11.693167
11.694321
11.699131
11.704043
11.708336
11.708954
11.709684
11.710649
11.712450
11.714382
11.718174
11.718719
11.719167
11.719281
11.723289
11.726980
11.727513
11.729656
11.729974
11.730540
11.730556
11.731139
11.731380
11.732734
11.732857
11.735388
11.735565
11.735676
11.741002
11.741368
11.751234
11.753019
11.753294
11.753393
11.755131
11.755412
11.755674
11.757636
11.758946
11.758954
11.761335
11.764480
11.765057
11.765613
11.766503
11.767016
11.768243
11.770030
11.772893
11.773349
11.775819
11.777510
11.777839
11.778330
11.779248
11.782509
11.782704
11.783810
11.785284
11.785861
11.788425
11.793091
11.793120
11.793229
11.793836
11.796865
11.797517
11.797766
11.800553
11.801365
11.802169
11.803050
11.809319
11.810215
11.815194
11.815238
11.816839
11.818516
11.822524
11.823675
11.824739
11.827392
11.832084
11.833293
11.833727
11.834119
11.838061
11.838072
11.846050
11.846278
11.846362
11.846423
11.848887
11.850023
11.856007
11.856240
11.857125
11.860835
11.862873
11.864681
11.865059
11.867965
11.872332
11.875517
11.875897
11.876069
11.877734
11.878849
11.883781
11.884260
11.884969
11.887123
11.889717
11.889807
11.891299
11.891349
11.895434
11.896860
11.898522
11.900072
11.902746
11.903660
11.905937
11.908841
11.909870
11.910504
11.911296
11.911964
11.913607
11.920117
11.920323
11.922823
11.927928
11.929026
11.934305
11.934893
11.937109
11.939153
11.940356
11.941310
11.943469
11.944679
11.947673
11.950115
11.951397
11.952303
11.952515
11.953523
11.955426
11.955804
11.955886
11.958523
11.959346
11.960616
11.965527
11.967165
11.968225
11.969757
11.969885
11.970600
11.970810
11.971779
11.979221
11.981780
11.982095
11.985069
11.985835
11.986094
11.988646
11.992475
11.994540
11.998305
12.000479
12.001297
12.001638
12.002116
12.005476
12.007460
12.010903
12.011720
12.012332
12.015509
12.016178
12.016765
12.016835
12.018613
12.025569
12.025597
12.026273
12.027552
12.033201
12.033400
12.035280
12.039095
12.040696
12.041364
12.044258
12.044728
12.045325
12.046258
12.048316
12.050134
12.051067
12.051742
12.052705
12.053168
12.056074
12.058137
12.059002
12.059163
12.059416
12.060322
12.063706
12.064632
12.070150
12.070166
12.070324
12.072608
12.075966
12.079514
12.079673
12.079939
12.081438
12.081913
12.084541
12.084546
12.084639
12.085945
12.087547
12.090810
12.092911
12.093867
12.093934
12.094259
12.094433
12.095681
12.098220
12.099164
12.099856
12.100996
12.102361
12.103898
12.105200
12.106048
12.107217
12.107884
12.108945
12.113187
12.113936
12.114497
12.119794
12.122063
12.127593
12.131396
12.132278
12.133183
12.135923
12.136472
12.138025
12.139933
12.145526
12.149058
12.151668
12.152084
12.152697
12.156850
12.157958
12.158281
12.158802
12.162670
12.163903
12.164597
12.167286
12.168230
12.170013
12.171522
12.173032
12.173303
12.176229
12.179157
12.180418
12.181427
12.183467
12.188759
12.188841
12.188967
12.195557
12.195599
12.196025
12.196254
12.204787
12.205034
12.205048
12.205963
12.206736
12.207951
12.208149
12.208384
12.214789
12.215053
12.216290
12.217001
12.218946
12.219973
12.222867
12.226469
12.228583
12.228917
12.232252
12.233335
12.234594
12.236333
12.237962
12.238088
12.240442
12.246336
12.248253
12.249856
12.250730
12.250853
12.251098
12.251451
12.253622
12.254710
12.255899
12.256600
12.258396
12.258791
12.260909
12.263796
12.268551
12.268852
12.270192
12.271237
12.272857
12.273008
12.273899
12.277397
12.278664
12.279544
12.284938
12.286088
12.286533
12.286835
12.287287
12.292475
12.295533
12.295922
12.299075
12.299187
12.302480
12.302630
12.303183
12.303398
12.304230
12.306825
12.308712
12.309225
12.313709
12.314919
12.315947
12.320845
12.322343
12.323563
12.324450
12.326795
12.330069
12.330694
12.331474
12.332334
12.337308
12.340087
12.340985
12.342543
12.348625
12.348692
12.350185
12.352576
12.353400
12.356410
12.359156
12.360676
12.362575
12.364844
12.366558
12.367630
12.370535
12.371094
12.371988
12.372591
12.373044
12.374833
12.375236
12.376385
12.378542
12.382035
12.382417
12.384648
12.385488
12.389981
12.390562
12.392189
12.392560
12.393818
12.394192
12.396784
12.397056
12.398805
12.399274
12.405892
12.406297
12.409992
12.413049
12.414603
12.417221
12.419839
12.419933
12.420620
12.421273
12.421695
12.421737
12.422436
12.422960
12.429244
12.430290
12.431913
12.432934
12.433955
12.434070
12.434830
12.434844
12.437621
12.437968
12.438063
12.444255
12.456058
12.456205
12.456844
12.458145
12.460488
12.460525
12.464318
12.469605
12.470165
12.470546
12.472410
12.474894
12.476626
12.478364
12.478510
12.480908
12.483174
12.483338
12.484400
12.486185
12.489702
12.493493
12.494196
12.495578
12.498639
12.498681
12.498775
12.502799
12.505625
12.506670
12.514962
12.515637
12.517645
12.518162
12.519546
12.522739
12.525512
12.528927
12.533627
12.535080
12.537754
12.542203
12.542284
12.543103
12.548552
12.549748
12.550320
12.551543
12.556491
12.558097
12.561566
12.561758
12.561898
12.562304
12.562703
12.565859
12.568199
12.568289
12.570861
12.571280
12.571629
12.572218
12.572627
12.575688
12.576167
12.576315
12.576519
12.577283
12.577947
12.578381
12.578647
12.583224
12.583916
12.585071
12.587257
12.588296
12.594315
12.596680
12.597637
12.598000
12.598503
12.602152
12.606088
12.606462
12.607642
12.608738
12.613649
12.617469
12.617571
12.620796
12.621079
12.622181
12.625224
12.627044
12.627522
12.629059
12.631918
12.638741
12.640250
12.641063
12.644237
12.644454
12.645250
12.646218
12.646683
12.647823
12.648121
12.649008
12.650390
12.651459
12.654909
12.657545
12.663020
12.663225
12.665314
12.666870
12.669403
12.670178
12.670947
12.671230
12.673172
12.673693
12.675639
12.677077
12.677861
12.679450
12.682394
12.685138
12.685198
12.686579
12.687709
12.689242
12.691916
12.695109
12.695376
12.696211
12.697010
12.697482
12.703913
12.703998
12.708533
12.709850
12.710747
12.715591
12.716595
12.717610
12.717774
12.720577
12.723571
12.724242
12.724513
12.732007
12.734014
12.735148
12.738314
12.738661
12.738796
12.739050
12.739865
12.741769
12.741976
12.742949
12.743696
12.745727
12.751202
12.754596
12.756006
12.758613
12.761390
12.761619
12.765919
12.766339
12.768204
12.769107
12.772496
12.780548
12.780974
12.784239
12.785845
12.786545
12.787020
12.789005
12.800885
12.802991
12.803618
12.804567
12.804892
12.805847
12.807262
12.807293
12.807502
12.808732
12.809560
12.809848
12.811060
12.815941
12.817156
12.818967
12.819177
12.821255
12.821475
12.825693
12.831179
12.832042
12.833394
12.835609
12.835777
12.836364
12.837025
12.837457
12.837590
12.839428
12.841679
12.843659
12.844122
12.844748
12.844978
12.846540
12.849254
12.852720
12.856370
12.856535
12.856838
12.862745
12.862794
12.865121
12.866176
12.866742
12.868128
12.869067
12.869385
12.870617
12.876166
12.880359
12.881770
12.881843
12.883031
12.884901
12.885698
12.889023
12.889407
12.889681
12.894765
12.895278
12.895850
12.897447
12.897465
12.897711
12.898617
12.898739
12.902710
12.903341
12.904360
12.909576
12.911890
12.912641
12.914249
12.914548
12.917581
12.920696
12.923827
12.925434
12.925935
12.926646
12.929937
12.933489
12.937734
12.939385
12.939426
12.941464
12.943443
12.944030
12.944746
12.945323
12.949065
12.950602
12.954335
12.956653
12.958633
12.961693
12.961918
12.963453
12.964163
12.965632
12.969490
12.969640
12.969917
12.973823
12.974040
12.974288
12.976936
12.977749
12.978726
12.979415
12.979525
12.980323
12.982252
12.983154
12.983727
12.988809
12.988972
12.988982
12.990155
12.993239
12.994501
12.994776
12.997477
12.998806
12.999852
13.004315
13.004992
13.005812
13.011598
13.011917
13.015905
13.018711
13.021372
13.021436
13.021571
13.022704
13.026258
13.026613
13.027072
13.027103
13.027336
13.028416
13.028893
13.029793
13.035346
13.037490
13.038403
13.042238
13.047220
13.049660
13.050274
13.050663
13.055519
13.056095
13.057865
13.058174
13.058922
13.060878
13.063770
13.064456
13.067632
13.068623
13.074362
13.075871
13.076220
13.077400
13.079904
13.080796
13.082849
13.087467
13.090961
13.091086
13.091093
13.092506
13.093817
13.094008
13.099614
13.100990
13.101825
13.102722
13.104687
13.104875
13.105040
13.107520
13.112078
13.113113
13.114503
13.115713
13.116569
13.119655
13.120225
13.120694
13.124469
13.124726
13.131707
13.131860
13.133555
13.135793
13.140229
13.141635
13.142067
13.142142
13.145813
13.146505
13.148817
13.152298
13.157056
13.164996
13.165239
13.169044
13.171586
13.174354
13.175545
13.177359
13.179156
13.179290
13.182116
13.185039
13.188460
13.189728
13.189803
13.197171
13.197803
13.197808
13.203652
13.206923
13.209494
13.210733
13.212018
13.215410
13.219646
13.220641
13.220701
13.220967
13.224732
13.227687
13.228504
13.229615
13.232662
13.234736
13.238426
13.238896
13.238980
13.239239
13.239357
13.243921
13.244233
13.244365
13.245484
13.248379
13.252393
13.253199
13.255454
13.258042
13.259376
13.259678
13.268417
13.272575
13.272898
13.275540
13.277592
13.279603
13.282584
13.283543
13.287768
13.288355
13.289195
13.291311
13.291947
13.293145
13.296307
13.296661
13.298652
13.300009
13.301481
13.303910
13.305199
13.305812
13.309859
13.315279
13.317963
13.318113
13.318595
13.319621
13.321097
13.324348
13.324466
13.326178
13.326533
13.326734
13.327295
13.329841
13.334922
13.335054
13.336361
13.336392
13.339233
13.339313
13.341661
13.344982
13.345728
13.347076
13.347133
13.348389
13.353081
13.353772
13.354394
13.355703
13.356267
13.357588
13.359258
13.359360
13.359474
13.359915
13.360233
13.361176
13.363384
13.365007
13.366134
13.366248
13.366767
13.367841
13.368141
13.370482
13.370702
13.372112
13.373919
13.374197
13.374228
13.377042
13.379562
13.379573
13.380930
13.381589
13.383074
13.386104
13.386384
13.387659
13.388910
13.390236
13.391129
13.393969
13.396735
13.397997
13.400799
13.403774
13.405580
13.405646
13.409805
13.411621
13.413360
13.415104
13.417192
13.423178
13.425298
13.425786
13.432078
13.434227
13.434519
13.435991
13.436176
13.439827
13.440229
13.440285
13.442146
13.442167
13.447273
13.453160
13.454647
13.454659
13.455752
13.456486
13.457423
13.457649
13.459159
13.460403
13.464810
13.466549
13.467815
13.468781
13.468911
13.471111
13.472316
13.472449
13.474038
13.475032
13.475733
13.475941
13.476894
13.479083
13.480639
13.482742
13.483313
13.483526
13.484900
13.485410
13.485763
13.486123
13.486190
13.486908
13.489169
13.489590
13.491401
13.495887
13.503400
13.503650
13.504875
13.505375
13.505418
13.507823
13.510736
13.511042
13.511912
13.516487
13.517771
13.521051
13.522525
13.527529
13.528481
13.531154
13.532126
13.533050
13.534782
13.542742
13.544074
13.544864
13.545461
13.546143
13.546772
13.547379
13.548321
13.548987
13.550595
13.552374
13.553092
13.554568
13.554654
13.556672
13.557728
13.559228
13.560852
13.561248
13.564595
13.564861
13.565986
13.566026
13.566085
13.566265
13.567137
13.568887
13.572372
13.576389
13.577023
13.581623
13.584096
13.587364
13.589790
13.590538
13.591437
13.592173
13.595682
13.597571
13.597814
13.598536
13.599130
13.599874
13.601947
13.601958
13.602847
13.602902
13.603410
13.608550
13.609583
13.609815
13.611167
13.612544
13.612769
13.615033
13.618180
13.619392
13.620360
13.623329
13.623771
13.623969
13.625507
13.629133
13.629617
13.631785
13.633078
13.634801
13.634943
13.635136
13.639536
13.642794
13.643133
13.643652
13.648913
13.650173
13.653991
13.654104
13.658638
13.659112
13.659636
13.660344
13.661983
13.662266
13.663007
13.669159
13.669233
13.669502
13.672393
13.676380
13.676434
13.678232
13.680278
13.680794
13.681738
13.681909
13.682656
13.683103
13.683734
13.685739
13.685821
13.688253
13.689680
13.690051
13.690469
13.696306
13.699174
13.700429
13.702068
13.704953
13.707148
13.707341
13.707877
13.709936
13.713797
13.715327
13.715838
13.716166
13.719929
13.720305
13.723243
13.723961
13.724676
13.726202
13.726646
13.727181
13.728540
13.734376
13.735432
13.736318
13.738378
13.741372
13.742224
13.745110
13.745590
13.746410
13.746680
13.748835
13.749664
13.750006
13.750504
13.754955
13.759780
13.760185
13.763813
13.766015
13.766025
13.767134
13.767174
13.767708
13.774371
13.777550
13.780428
13.781091
13.781696
13.783792
13.783816
13.785290
13.785772
13.786896
13.787512
13.787607
13.787966
13.788113
13.789591
13.790261
13.792738
13.797261
13.797910
13.800829
13.800841
13.805156
13.805988
13.808793
13.809061
13.810362
13.811170
13.811194
13.811669
13.813826
13.814886
13.815547
13.816944
13.820202
13.823659
13.824254
13.825978
13.826397
13.827015
13.827792
13.827906
13.829629
13.829790
13.832219
13.833197
13.833925
13.835360
13.840845
13.842643
13.848083
13.851205
13.852594
13.857955
13.858532
13.863417
13.866430
13.869069
13.869289
13.870537
13.872622
13.873114
13.873205
13.879774
13.883364
13.885430
13.887594
13.891728
13.893100
13.894011
13.895162
13.896190
13.899853
13.900621
13.905605
13.907346
13.907422
13.907782
13.910414
13.912772
13.914894
13.917049
13.919205
13.921489
13.925477
13.927324
13.930154
13.930730
13.930968
13.934839
13.935800
13.941222
13.941550
13.944750
13.945714
13.946144
13.946247
13.949025
13.949410
13.954179
13.957637
13.958046
13.958144
13.958634
13.958812
13.958962
13.959759
13.960245
13.960711
13.962372
13.964465
13.967686
13.971280
13.971657
13.972680
13.975704
13.976328
13.976922
13.979835
13.984363
13.986984
13.988641
13.988777
13.989050
13.991203
13.992768
13.993151
13.993632
13.993760
13.998022
13.998626
13.999454
14.000280
14.002149
14.002762
14.002841
14.004063
14.005175
14.007030
14.008484
14.008885
14.008961
14.009502
14.009977
14.015168
14.017840
14.018228
14.019969
14.020659
14.021203
14.021987
14.024165
14.028791
14.033552
14.033575
14.037236
14.037925
14.038778
14.039479
14.039749
14.045441
14.046217
14.050341
14.050749
14.056978
14.058309
14.059627
14.063443
14.067606
14.068177
14.070008
14.070342
14.072997
14.074447
14.075868
14.078380
14.079597
14.080347
14.083439
14.087801
14.089347
14.094521
14.096043
14.097261
14.098858
14.101467
14.102109
14.102533
14.104536
14.105433
14.105514
14.106973
14.107147
14.107711
14.109137
14.117957
14.120541
14.122320
14.122723
14.124552
14.125273
14.130226
14.131064
14.131666
14.133432
14.133960
14.134467
14.134794
14.135699
14.137361
14.139412
14.141790
14.142225
14.147069
14.147743
14.150728
14.151095
14.152933
14.153929
14.156783
14.160116
14.160599
14.161857
14.162087
14.162510
14.163717
14.163981
14.165399
14.166382
14.167529
14.169519
14.170964
14.172328
14.178848
14.185667
14.186362
14.189257
14.191869
14.203196
14.205753
14.207983
14.212551
14.213031
14.219029
14.220617
14.220653
14.221215
14.221322
14.221812
14.224289
14.225229
14.226999
14.230020
14.230367
14.231218
14.233670
14.235484
14.235726
14.237078
14.239348
14.239361
14.240655
14.241225
14.242631
14.246307
14.246320
14.248039
14.250196
14.254265
14.254598
14.255817
14.258021
14.258647
14.261874
14.261940
14.262860
14.263411
14.264895
14.265298
14.265374
14.265923
14.268506
14.269941
14.271425
14.271916
14.274448
14.281596
14.282298
14.282530
14.284051
14.284205
14.287065
14.289113
14.289647
14.289676
14.291524
14.291570
14.291769
14.294134
14.296743
14.300332
14.302482
14.309809
14.310369
14.312088
14.312410
14.313372
14.313820
14.314220
14.314326
14.314728
14.316136
14.319469
14.321210
14.322855
14.325340
14.329912
14.331453
14.341107
14.341738
14.343600
14.346248
14.347950
14.348548
14.353624
14.353675
14.354876
14.357142
14.358972
14.366855
14.369682
14.372483
14.372742
14.372853
14.381605
14.382404
14.382465
14.386036
14.390145
14.393959
14.395375
14.399870
14.405457
14.410657
14.410969
14.411116
14.415667
14.418163
14.420215
14.424215
14.426237
14.427073
14.428229
14.430033
14.432264
14.436066
14.442182
14.442219
14.443120
14.443567
14.445304
14.446516
14.452123
14.452496
14.453295
14.453860
14.454013
14.457398
14.459256
14.460173
14.460492
14.461616
14.462279
14.462498
14.466511
14.471132
14.471658
14.473485
14.475228
14.475366
14.475823
14.477773
14.478117
14.479965
14.481012
14.483100
14.487608
14.488170
14.491199
14.492241
14.495982
14.496315
14.499402
14.500165
14.504550
14.506144
14.508250
14.511223
14.511807
14.511856
14.516013
14.523053
14.526087
14.527706
14.529205
14.531915
14.531980
14.532332
14.533211
14.535047
14.535349
14.537178
14.540410
14.541518
14.542591
14.544108
14.544612
14.549093
14.549511
14.553129
14.555629
14.558520
14.561597
14.563105
14.563918
14.568935
14.573583
14.573886
14.575450
14.581200
14.581414
14.582292
14.583057
14.584015
14.584129
14.585318
14.585560
14.586223
14.586271
14.586856
14.587122
14.588035
14.590636
14.591387
14.593604
14.594938
14.595675
14.597991
14.599273
14.600396
14.601883
14.602963
14.605493
14.606433
14.607287
14.607396
14.607500
14.607856
14.610114
14.611342
14.613104
14.613928
14.614355
14.615629
14.621968
14.623080
14.623936
14.624534
14.627164
14.627212
14.629294
14.630914
14.631231
14.633158
14.634420
14.634739
14.634782
14.636317
14.637528
14.641223
14.649411
14.649499
14.652244
14.652455
14.657072
14.658968
14.659338
14.660202
14.661351
14.664643
14.669481
14.670830
14.674199
14.675575
14.676358
14.677644
14.678253
14.680378
14.680933
14.681709
14.686435
14.688932
14.689717
14.690532
14.691354
14.695322
14.695860
14.696119
14.698404
14.699245
14.700922
14.705171
14.705253
14.705366
14.707314
14.707486
14.708605
14.708675
14.709186
14.710281
14.711382
14.712369
14.714099
14.714854
14.716674
14.716959
14.718257
14.719212
14.719717
14.720237
14.720788
14.723132
14.723696
14.724940
14.727406
14.733315
14.735132
14.737146
14.737644
14.740564
14.741564
14.744774
14.744856
14.754081
14.757837
14.758591
14.758834
14.759042
14.760869
14.765443
14.770282
14.771657
14.772546
14.772811
14.777515
14.783600
14.786008
14.786371
14.788042
14.788507
14.788811
14.790130
14.795061
14.795116
14.807508
14.811054
14.813193
14.814050
14.814364
14.814654
14.815712
14.815813
14.820044
14.820844
14.823607
14.827096
14.829283
14.830885
14.831820
14.836171
14.839945
14.840204
14.841758
14.842176
14.844859
14.845442
14.845735
14.845878
14.845954
14.847543
14.851553
14.852613
14.853688
14.858359
14.859121
14.860061
14.860810
14.861753
14.863424
14.864142
14.865583
14.865894
14.867642
14.870038
14.870198
14.870821
14.872495
14.873615
14.874468
14.879857
14.881042
14.881244
14.881298
14.882516
14.884845
14.886181
14.888025
14.889081
14.894328
14.894891
14.896804
14.900221
14.901183
14.903973
14.907683
14.909822
14.910352
14.911380
14.917142
14.917215
14.919366
14.919799
14.923786
14.924009
14.928036
14.929423
14.933636
14.935541
14.940034
14.944441
14.945110
14.951119
14.951616
14.954360
14.954768
14.954892
14.957210
14.957373
14.959361
14.965837
14.969727
14.972570
14.973061
14.973505
14.979728
14.981099
14.983351
14.989470
14.993146
14.996296
15.001141
15.001589
15.003914
15.004910
15.006729
15.008148
15.008513
15.009090
15.009853
15.011163
15.011856
15.012807
15.014771
15.015092
15.015145
15.016407
15.021126
15.022902
15.024280
15.025509
15.026211
15.027318
15.033371
15.035420
15.038923
15.039669
15.040024
15.040134
15.040697
15.042243
15.043155
15.044248
15.045187
15.045609
15.046294
15.047301
15.049711
15.050381
15.052391
15.053067
15.054791
15.057078
15.057227
15.062236
15.063533
15.063591
15.063717
15.064092
15.065274
15.067330
15.067803
15.068202
15.069199
15.070356
15.071109
15.071364
15.077099
15.080958
15.081933
15.083329
15.084595
15.087219
15.088167
15.089771
15.091142
15.096257
15.097508
15.097859
15.100854
15.103086
15.103685
15.105872
15.114032
15.115924
15.116686
15.116812
15.117283
15.117293
15.118244
15.119121
15.119802
15.122821
15.124861
15.125035
15.125156
15.126439
15.127248
15.127803
15.128915
15.131766
15.132606
15.133147
15.134700
15.138695
15.139295
15.146799
15.147498
15.149666
15.149801
15.151772
15.153251
15.155656
15.158492
15.160002
15.160235
15.166360
15.166933
15.167329
15.170925
15.172884
15.173241
15.179422
15.182305
15.190575
15.190974
15.191203
15.193240
15.194024
15.196883
15.198056
15.199301
15.199632
15.201240
15.202849
15.203344
15.205941
15.206115
15.207064
15.210105
15.212431
15.214530
15.217713
15.218073
15.220296
15.220982
15.221282
15.222640
15.223435
15.224164
15.224173
15.225027
15.225935
15.232100
15.235221
15.239063
15.240917
15.241030
15.241240
15.242637
15.243561
15.244453
15.248008
15.249573
15.251018
15.254664
15.255040
15.256901
15.256954
15.258432
15.260911
15.261870
15.268820
15.269297
15.269520
15.270028
15.270092
15.272696
15.273722
15.274981
15.276667
15.278469
15.283190
15.284939
15.288942
15.291208
15.291340
15.292153
15.293297
15.293439
15.299002
15.300313
15.300901
15.301281
15.303679
15.306256
15.308379
15.310544
15.310873
15.311002
15.312209
15.312561
15.316593
15.318095
15.324237
15.326912
15.326981
15.329538
15.334675
15.337187
15.338968
15.339699
15.340522
15.341317
15.346861
15.347168
15.350243
15.352767
15.356091
15.357822
15.361834
15.367318
15.367794
15.368369
15.370292
15.373982
15.375369
15.376565
15.383490
15.383544
15.385376
15.396306
15.398984
15.400244
15.402903
15.407289
15.408220
15.411416
15.414951
15.415494
15.418576
15.418732
15.418806
15.427374
15.430077
15.432671
15.435826
15.437120
15.437312
15.438047
15.438722
15.445549
15.446792
15.447732
15.450176
15.450332
15.450732
15.450893
15.451007
15.451370
15.451727
15.452091
15.452875
15.456560
15.457350
15.461160
15.463912
15.464991
15.466801
15.467781
15.469266
15.470467
15.471898
15.472837
15.472902
15.474319
15.475120
15.477740
15.478068
15.481910
15.483672
15.484520
15.487574
15.489718
15.491943
15.496791
15.496844
15.502866
15.503455
15.504241
15.510035
15.510701
15.517111
15.517477
15.522383
15.523117
15.524318
15.526799
15.529743
15.532995
15.537113
15.539790
15.545975
15.553569
15.555855
15.558101
15.560176
15.560814
15.560899
15.561892
15.562728
15.562867
15.569252
15.569591
15.572616
15.573093
15.577489
15.578278
15.581543
15.586393
15.588024
15.591106
15.593140
15.593305
15.594735
15.598288
15.599554
15.601422
15.601581
15.602573
15.603238
15.603713
15.611325
15.611413
15.614276
15.614494
15.617782
15.618892
15.619652
15.620129
15.620143
15.622036
15.622663
15.624685
15.625448
15.626878
15.627991
15.629892
15.632866
15.632885
15.633328
15.633754
15.635971
15.639211
15.640035
15.641438
15.641981
15.642053
15.643461
15.650097
15.650596
15.652296
15.653083
15.656204
15.658386
15.658462
15.658820
15.661192
15.662571
15.664440
15.665428
15.667416
15.668121
15.669749
15.670916
15.671147
15.671184
15.672786
15.675212
15.675629
15.676113
15.677484
15.686059
15.688248
15.689638
15.694372
15.697199
15.698160
15.699485
15.700398
15.703403
15.703442
15.703586
15.703817
15.704102
15.707478
15.709486
15.709599
15.709974
15.711809
15.712951
15.718573
15.721153
15.722271
15.723546
15.725556
15.730045
15.731593
15.731892
15.736199
15.737929
15.743990
15.745090
15.746131
15.748849
15.749359
15.753889
15.754161
15.755456
15.755843
15.756397
15.756655
15.759379
15.759660
15.762893
15.763274
15.764657
15.764727
15.766932
15.771275
15.773433
15.774108
15.776255
15.780429
15.782064
15.788775
15.789879
15.789961
15.790155
15.790439
15.793093
15.794060
15.796254
15.797091
15.797249
15.799817
15.800723
15.801977
15.803081
15.804254
15.805667
15.808723
15.810711
15.812860
15.812868
15.815066
15.816478
15.817527
15.818064
15.820844
15.822010
15.823676
15.824550
15.833499
15.836942
15.837234
15.837735
15.839609
15.839857
15.840359
15.842851
15.843200
15.846547
15.848438
15.848951
15.849252
15.850153
15.850530
15.850637
15.851775
15.854740
15.855721
15.856820
15.858049
15.859120
15.860899
15.861833
15.863491
15.863665
15.866359
15.868234
15.872825
15.873087
15.873222
15.873246
15.875741
15.876810
15.879501
15.882184
15.883827
15.884435
15.888897
15.888996
15.890383
15.891456
15.892487
15.893468
15.893478
15.894815
15.896389
15.898109
15.899018
15.899557
15.902002
15.903650
15.906460
15.908353
15.909439
15.910853
15.912384
15.914542
15.916372
15.917902
15.921251
15.922417
15.922565
15.924393
15.924507
15.926910
15.927002
15.929863
15.930670
15.937699
15.943262
15.944192
15.944197
15.945077
15.948826
15.949650
15.951218
15.951391
15.952800
15.954109
15.955104
15.956520
15.958514
15.963720
15.964580
15.967924
15.967977
15.969034
15.969465
15.970104
15.970608
15.972981
15.973344
15.974560
15.976589
15.980825
15.982873
15.985202
15.985539
15.985977
15.987501
15.987983
15.990547
15.994732
16.000873
16.001123
16.001138
16.002004
16.003682
16.003803
16.003844
16.005228
16.007948
16.015545
16.016973
16.022187
16.024014
16.026200
16.026532
16.027655
16.029296
16.037151
16.039609
16.045703
16.046103
16.046503
16.046867
16.052886
16.053583
16.054320
16.057199
16.057607
16.058733
16.060892
16.063369
16.066195
16.066652
16.070687
16.072264
16.074653
16.076687
16.079503
16.079537
16.083862
16.089087
16.091708
16.095389
16.097199
16.098046
16.098977
16.099008
16.099982
16.103814
16.106819
16.109908
16.112398
16.114044
16.114087
16.116434
16.117283
16.118695
16.119108
16.120219
16.121919
16.123462
16.123793
16.128299
16.129589
16.129725
16.130633
16.132151
16.134290
16.136718
16.137006
16.137114
16.140176
16.140268
16.140381
16.141392
16.142293
16.143235
16.146291
16.146954
16.147125
16.147723
16.148930
16.149755
16.150954
16.152590
16.152724
16.162069
16.162864
16.163749
16.166515
16.167759
16.168805
16.170910
16.171057
16.171080
16.171271
16.172273
16.172434
16.174856
16.174857
16.175909
16.177074
16.177695
16.183015
16.184767
16.187538
16.191016
16.191298
16.193266
16.194107
16.194353
16.195954
16.200300
16.200843
16.203126
16.204671
16.206103
16.215295
16.215655
16.218509
16.220784
16.224900
16.226084
16.226143
16.227001
16.228227
16.228389
16.230327
16.233908
16.233986
16.237759
16.237921
16.240391
16.241325
16.242364
16.243106
16.244869
16.255313
16.255625
16.255761
16.256459
16.256913
16.257499
16.261046
16.262740
16.265467
16.266473
16.266533
16.269309
16.271280
16.271611
16.272204
16.272317
16.273197
16.278337
16.279945
16.281972
16.282512
16.283080
16.284019
16.287895
16.288988
16.289747
16.291563
16.292591
16.293801
16.294981
16.299449
16.306913
16.307228
16.307469
16.307932
16.309191
16.309430
16.309633
16.310703
16.312072
16.315825
16.316557
16.320010
16.320039
16.324639
16.324870
16.325323
16.325464
16.326213
16.327401
16.327452
16.329693
16.329830
16.330918
16.332203
16.333241
16.335554
16.338044
16.338229
16.338837
16.341149
16.343554
16.345205
16.347405
16.349023
16.350147
16.350488
16.352718
16.352889
16.356378
16.356974
16.357464
16.359202
16.359710
16.359767
16.361692
16.362314
16.368846
16.370536
16.371583
16.375455
16.377837
16.384904
16.386416
16.388695
16.388697
16.389178
16.390272
16.391525
16.395584
16.395930
16.403676
16.404389
16.405081
16.405410
16.406868
16.407791
16.407894
16.409399
16.409401
16.411967
16.417549
16.417559
16.419362
16.421371
16.421953
16.424474
16.424802
16.427121
16.428483
16.428909
16.430884
16.431015
16.431794
16.433643
16.433650
16.435590
16.439817
16.440829
16.441304
16.442080
16.442668
16.443689
16.449348
16.449771
16.449877
16.450657
16.453538
16.453801
16.454111
16.456413
16.458287
16.461191
16.461583
16.462239
16.462486
16.463994
16.466342
16.466751
16.468532
16.469144
16.474386
16.474487
16.477512
16.478575
16.482142
16.487425
16.492557
16.493031
16.494145
16.494824
16.495983
16.500433
16.500992
16.502576
16.502705
16.503013
16.503773
16.503962
16.505056
16.511763
16.512543
16.513013
16.513042
16.513891
16.514757
16.516032
16.521234
16.522587
16.524835
16.525464
16.527435
16.528000
16.529494
16.530633
16.530878
16.530944
16.531658
16.532408
16.534112
16.534607
16.537052
16.537228
16.537494
16.538245
16.541074
16.541509
16.541903
16.541922
16.543151
16.546024
16.548215
16.551535
16.551674
16.552145
16.555547
16.556718
16.557355
16.557673
16.557820
16.558774
16.559424
16.559677
16.561761
16.563062
16.564524
16.566699
16.570998
16.579168
16.579646
16.584274
16.585250
16.585443
16.586325
16.586734
16.587816
16.587910
16.588600
16.590417
16.592011
16.593190
16.594051
16.596194
16.599133
16.600793
16.604726
16.609158
16.611869
16.612908
16.614571
16.615251
16.617837
16.618043
16.625465
16.625607
16.627161
16.630329
16.632792
16.635644
16.637200
16.643599
16.645274
16.645284
16.645363
16.645776
16.646975
16.647722
16.648608
16.648858
16.650674
16.650718
16.651763
16.652359
16.652678
16.658537
16.663479
16.663779
16.666797
16.667669
16.668065
16.669572
16.680354
16.681867
16.685955
16.686912
16.693110
16.693126
16.693894
16.694823
16.696098
16.696904
16.698462
16.700704
16.701896
16.703636
16.706770
16.709680
16.709797
16.714488
16.715028
16.719890
16.724658
16.725477
16.726483
16.727777
16.729178
16.729389
16.731390
16.732261
16.739568
16.739770
16.743582
16.744706
16.746438
16.752084
16.758217
16.759136
16.760346
16.763763
16.764382
16.764881
16.766395
16.766745
16.768309
16.768396
16.772167
16.773213
16.774710
16.777267
16.778710
16.778921
16.779983
16.780008
16.782662
16.784944
16.788389
16.788661
16.791567
16.796686
16.799941
16.801054
16.801539
16.804700
16.806363
16.807395
16.807489
16.810743
16.811483
16.813931
16.815097
16.815664
16.818153
16.818376
16.820266
16.821409
16.822898
16.824889
16.831166
16.832472
16.836885
16.837362
16.843127
16.843997
16.847205
16.848889
16.853015
16.853508
16.853837
16.857231
16.859137
16.859361
16.860163
16.860364
16.860903
16.861018
16.862075
16.862146
16.862730
16.868413
16.870107
16.870502
16.870681
16.872288
16.875408
16.884770
16.885501
16.890123
16.892721
16.895287
16.899529
16.902063
16.902720
16.904822
16.906227
16.908711
16.910400
16.911772
16.912307
16.912442
16.915112
16.918042
16.918478
16.922434
16.929069
16.930623
16.932962
16.935401
16.936611
16.938034
16.939189
16.939523
16.942181
16.944348
16.947622
16.956326
16.956937
16.957504
16.958526
16.961160
16.962863
16.964134
16.964964
16.964979
16.965150
16.969974
16.975185
16.977428
16.977463
16.978673
16.979086
16.979447
16.979491
16.982814
16.986664
16.987111
16.987550
16.988028
16.988074
16.989895
16.990273
16.990944
16.991275
16.991517
16.996215
16.998674
16.999066
17.001611
17.002233
17.002343
17.005303
17.006374
17.006929
17.009236
17.010282
17.013309
17.016304
17.016806
17.020343
17.021091
17.026786
17.028415
17.028693
17.033611
17.035487
17.038185
17.039357
17.043372
17.043404
17.044112
17.044330
17.044415
17.044874
17.045034
17.047214
17.047769
17.050052
17.050890
17.054564
17.055366
17.055910
17.056476
17.057196
17.058188
17.058228
17.060541
17.061005
17.061332
17.061660
17.065662
17.066331
17.069785
17.078626
17.080501
17.082165
17.084507
17.084909
17.085050
17.085417
17.086589
17.088264
17.091926
17.094101
17.094719
17.095107
17.097017
17.097334
17.099731
17.100199
17.100693
17.103983
17.105435
17.107427
17.109025
17.118819
17.119652
17.121657
17.127497
17.127939
17.129243
17.129531
17.138161
17.138216
17.144830
17.147574
17.152738
17.152941
17.154150
17.155329
17.156070
17.157030
17.157492
17.158977
17.159966
17.161785
17.162395
17.162930
17.163191
17.165425
17.169620
17.172264
17.177082
17.179791
17.181125
17.182871
17.185067
17.185911
17.190435
17.193416
17.197873
17.206402
17.206815
17.207280
17.209063
17.212253
17.212554
17.213184
17.213857
17.213881
17.215381
17.215468
17.216316
17.222680
17.223976
17.226819
17.230660
17.231335
17.234307
17.234368
17.236936
17.237965
17.239187
17.242501
17.245996
17.247131
17.249762
17.251397
17.251994
17.253495
17.253942
17.257082
17.257392
17.258685
17.261269
17.262200
17.262320
17.262602
17.264792
17.265316
17.266617
17.270255
17.272122
17.272764
17.277086
17.279045
17.280184
17.282151
17.282246
17.285109
17.287952
17.288375
17.289625
17.289720
17.294437
17.295250
17.297807
17.303896
17.304783
17.305255
17.306627
17.308840
17.309409
17.321133
17.322159
17.322573
17.331846
17.334087
17.335042
17.335060
17.336550
17.337299
17.338887
17.340079
17.342109
17.343119
17.343787
17.358275
17.359019
17.360730
17.360833
17.362075
17.362156
17.366407
17.370166
17.372254
17.373051
17.375760
17.377873
17.383606
17.383924
17.383994
17.387687
17.388178
17.390537
17.397829
17.398306
17.399073
17.399662
17.400394
17.401412
17.401431
17.403284
17.404023
17.413106
17.416639
17.416953
17.418979
17.421368
17.424323
17.429141
17.429328
17.429459
17.430387
17.430701
17.432380
17.433176
17.435786
17.436135
17.437798
17.437922
17.438518
17.440327
17.441622
17.445888
17.449382
17.449595
17.449929
17.450748
17.451129
17.452820
17.453589
17.453613
17.455320
17.456842
17.459572
17.460384
17.460783
17.465765
17.465841
17.466028
17.469353
17.474258
17.474546
17.476381
17.476409
17.477097
17.477868
17.477911
17.479185
17.479623
17.480510
17.486907
17.488845
17.490019
17.490662
17.490797
17.491246
17.493019
17.493242
17.497766
17.501776
17.504603
17.507015
17.507544
17.508067
17.511019
17.511591
17.511694
17.519269
17.521808
17.523321
17.523748
17.525238
17.525556
17.525754
17.526090
17.526776
17.528137
17.528693
17.531605
17.540888
17.541390
17.551465
17.558964
17.559615
17.560226
17.560428
17.561304
17.561958
17.567220
17.570059
17.571855
17.572343
17.572650
17.573088
17.576586
17.576723
17.580317
17.581400
17.583987
17.586985
17.588170
17.589113
17.590079
17.590485
17.595882
17.596148
17.598847
17.600225
17.600709
17.601060
17.603136
17.604659
17.605821
17.610136
17.610916
17.611744
17.612186
17.614973
17.618886
17.619337
17.621675
17.630020
17.630228
17.632994
17.636690
17.637780
17.639970
17.644869
17.645914
17.646292
17.647109
17.648880
17.650158
17.651865
17.657996
17.658867
17.662697
17.664793
17.666166
17.666426
17.666639
17.667475
17.669583
17.673131
17.673791
17.673922
17.674750
17.674943
17.675855
17.677321
17.677459
17.677959
17.678200
17.679440
17.680282
17.681787
17.682144
17.683392
17.683777
17.686704
17.690167
17.691266
17.691657
17.694247
17.697686
17.698817
17.700631
17.701958
17.703115
17.704134
17.704539
17.704672
17.708891
17.709733
17.710589
17.712333
17.713711
17.721252
17.721752
17.722822
17.722825
17.728154
17.737110
17.738755
17.740904
17.743392
17.746813
17.749567
17.749814
17.753607
17.758648
17.760346
17.760591
17.760631
17.761317
17.761334
17.764484
17.768112
17.769004
17.771543
17.773153
17.773737
17.774545
17.778281
17.778298
17.778771
17.779392
17.780006
17.780872
17.782664
17.783784
17.783794
17.785621
17.789424
17.792677
17.795730
17.797100
17.797413
17.799859
17.800979
17.804542
17.807351
17.807385
17.807404
17.808924
17.809298
17.810134
17.810425
17.810586
17.811278
17.813799
17.817729
17.821615
17.821852
17.823859
17.829459
17.831362
17.832179
17.833190
17.835785
17.836330
17.837821
17.840434
17.848548
17.849160
17.851595
17.852499
17.860948
17.864423
17.865604
17.865824
17.868611
17.869516
17.870330
17.870865
17.872067
17.874993
17.874998
17.876821
17.877835
17.877944
17.882415
17.887063
17.888688
17.889457
17.890299
17.891428
17.893690
17.896507
17.899011
17.900528
17.900860
17.904830
17.912964
17.922816
17.927719
17.927869
17.929604
17.934496
17.934679
17.941517
17.942267
17.943602
17.943878
17.944696
17.946192
17.946867
17.948284
17.950079
17.950481
17.950704
17.952101
17.954554
17.954722
17.955069
17.958091
17.959143
17.959231
17.961704
17.962888
17.963962
17.964241
17.973097
17.973570
17.973733
17.973881
17.974324
17.974420
17.976074
17.976918
17.981449
17.983728
17.983986
17.985425
17.986595
17.986944
17.987331
17.987761
17.987909
17.988266
17.990742
17.993970
17.997525
17.998001
18.001767
18.003442
18.003879
18.004129
18.004882
18.005717
18.006832
18.011825
18.011847
18.011920
18.012091
18.016058
18.016375
18.016590
18.019623
18.020474
18.021761
18.022718
18.024070
18.025935
18.026355
18.029136
18.036792
18.036891
18.037249
18.037311
18.037731
18.037815
18.039937
18.040273
18.040736
18.042659
18.043787
18.043972
18.046293
18.049653
18.050403
18.052231
18.056919
18.059086
18.059359
18.062412
18.064659
18.065699
18.067219
18.069040
18.072607
18.073485
18.074794
18.074833
18.075926
18.076814
18.079013
18.079362
18.079464
18.080401
18.081796
18.082002
18.082919
18.083816
18.084517
18.084618
18.086538
18.086992
18.092480
18.094746
18.098228
18.098436
18.098646
18.099601
18.101750
18.106002
18.109752
18.109792
18.109939
18.110398
18.112161
18.115862
18.116348
18.116590
18.117573
18.117698
18.121626
18.127346
18.127889
18.131211
18.135613
18.136269
18.138587
18.138629
18.141535
18.145517
18.154014
18.156021
18.157017
18.157974
18.158646
18.163525
18.165262
18.165411
18.167250
18.168260
18.171517
18.176907
18.178320
18.179518
18.180212
18.180989
18.183083
18.186529
18.186568
18.188880
18.191902
18.197449
18.199157
18.203325
18.208552
18.212347
18.214032
18.215586
18.215973
18.216483
18.218022
18.219529
18.219836
18.220579
18.222456
18.224262
18.227073
18.227075
18.230077
18.230465
18.231718
18.233027
18.233133
18.233499
18.235114
18.236813
18.237559
18.238138
18.240421
18.243926
18.246046
18.249536
18.255826
18.255932
18.255996
18.257285
18.257393
18.259133
18.262386
18.265932
18.267568
18.267765
18.270779
18.272842
18.273160
18.275982
18.278079
18.279166
18.280317
18.280780
18.281225
18.285127
18.290752
18.293469
18.295877
18.296185
18.297584
18.298138
18.299518
18.300350
18.301821
18.306810
18.308938
18.309469
18.309784
18.316507
18.317791
18.321180
18.321764
18.329535
18.331304
18.331819
18.332319
18.337120
18.337416
18.337638
18.340128
18.343035
18.347075
18.347954
18.348752
18.349034
18.350572
18.352138
18.352317
18.352886
18.355891
18.355902
18.356106
18.356672
18.361549
18.361941
18.367393
18.367817
18.367938
18.371231
18.373043
18.375877
18.381267
18.386209
18.386947
18.390139
18.390297
18.391728
18.392922
18.398216
18.398701
18.400471
18.401031
18.403461
18.403515
18.403573
18.405619
18.406983
18.407485
18.407594
18.409448
18.415078
18.415739
18.417104
18.419121
18.420277
18.420923
18.423615
18.432236
18.439180
18.439287
18.441137
18.443572
18.444628
18.446088
18.447067
18.452157
18.453205
18.454139
18.454613
18.456330
18.457910
18.460489
18.462840
18.462864
18.463383
18.463806
18.466110
18.467294
18.473332
18.474353
18.476477
18.481757
18.482188
18.484398
18.485183
18.485725
18.486724
18.487391
18.487820
18.490413
18.490830
18.494743
18.501769
18.503192
18.508531
18.509071
18.509167
18.513260
18.521033
18.521770
18.522303
18.522550
18.523590
18.529962
18.531221
18.531322
18.534526
18.535403
18.539050
18.542006
18.542350
18.543551
18.543840
18.543862
18.544417
18.547468
18.547784
18.548844
18.548903
18.550207
18.551181
18.552842
18.554217
18.555951
18.562510
18.563051
18.565242
18.565453
18.566993
18.567442
18.567868
18.571144
18.572079
18.580425
18.581370
18.584631
18.585082
18.587698
18.592576
18.595658
18.596606
18.597846
18.599968
18.600216
18.602082
18.606362
18.606499
18.608687
18.610400
18.610595
18.611575
18.611579
18.613337
18.616082
18.621381
18.625942
18.626532
18.628306
18.631601
18.634399
18.636391
18.637743
18.640242
18.644150
18.644333
18.647278
18.650650
18.652360
18.653269
18.653680
18.654547
18.656435
18.657749
18.662693
18.664756
18.666982
18.668775
18.674852
18.675326
18.679690
18.681272
18.681851
18.682141
18.684241
18.685605
18.687611
18.689191
18.689516
18.694990
18.699675
18.700989
18.702918
18.703014
18.704072
18.704114
18.704721
18.705039
18.708283
18.709904
18.710107
18.714341
18.714556
18.715100
18.716644
18.719371
18.720099
18.720824
18.726190
18.732665
18.733383
18.733645
18.734423
18.735375
18.736737
18.738815
18.741641
18.744785
18.745764
18.745840
18.747421
18.748231
18.748642
18.749374
18.750567
18.751241
18.752539
18.752596
18.755227
18.755841
18.756821
18.757565
18.763728
18.766030
18.768210
18.772980
18.773967
18.774963
18.775727
18.776684
18.779790
18.781612
18.782806
18.783145
18.783622
18.784674
18.785348
18.787547
18.791955
18.792072
18.794106
18.794260
18.794902
18.795695
18.797375
18.797821
18.799001
18.801231
18.803234
18.803734
18.805400
18.808605
18.809297
18.811307
18.813619
18.813820
18.816439
18.817063
18.820529
18.821955
18.823073
18.829426
18.831112
18.831160
18.835127
18.836415
18.838766
18.838816
18.840881
18.845935
18.847164
18.848457
18.849140
18.850091
18.851141
18.857781
18.858184
18.860622
18.863463
18.866670
18.867026
18.867282
18.868368
18.871031
18.878963
18.879899
18.884396
18.887983
18.888729
18.889131
18.893285
18.893820
18.895010
18.895118
18.897412
18.902660
18.903794
18.904452
18.907639
18.907815
18.909475
18.911705
18.913058
18.913705
18.914259
18.915150
18.915389
18.917053
18.917534
18.917866
18.919352
18.922103
18.924340
18.926614
18.929260
18.930448
18.932124
18.932270
18.933994
18.934025
18.934728
18.936846
18.937160
18.938213
18.940424
18.940615
18.943719
18.946398
18.948299
18.948480
18.949899
18.949939
18.951388
18.952018
18.955601
18.956708
18.956959
18.956959
18.959941
18.960095
18.960717
18.962181
18.963265
18.967027
18.968904
18.969341
18.975363
18.979177
18.981102
18.981187
18.983956
18.984630
18.986982
18.989000
18.993716
18.994633
18.994711
18.996443
18.996917
18.996922
18.997768
18.997814
18.998308
19.002462
19.005714
19.007846
19.008226
19.008757
19.009186
19.009252
19.010585
19.010918
19.011798
19.013706
19.015137
19.015635
19.015778
19.016183
19.017917
19.017921
19.021483
19.022174
19.023782
19.025627
19.025821
19.026441
19.028549
19.030778
19.031262
19.032381
19.033063
19.035089
19.035374
19.036916
19.044362
19.048031
19.049510
19.049684
19.050011
19.054322
19.057921
19.057951
19.058633
19.059028
19.059629
19.060496
19.062762
19.067301
19.067671
19.067875
19.067897
19.068285
19.068385
19.069706
19.070354
19.072274
19.072350
19.077161
19.078844
19.078892
19.079325
19.083665
19.084823
19.086301
19.086928
19.088234
19.090912
19.094280
19.095294
19.103708
19.109298
19.109567
19.113340
19.113505
19.116610
19.117875
19.118833
19.118939
19.119880
19.124905
19.125451
19.126068
19.127407
19.127422
19.127555
19.128999
19.130553
19.136484
19.140549
19.141164
19.148827
19.149276
19.150273
19.151573
19.151789
19.152494
19.155578
19.156674
19.156825
19.165083
19.165165
19.165521
19.166462
19.167471
19.171752
19.173832
19.176011
19.179357
19.180695
19.183655
19.184377
19.185318
19.186344
19.186513
19.190424
19.195776
19.197823
19.199268
19.204701
19.207474
19.207546
19.208856
19.215350
19.215581
19.216611
19.222511
19.222540
19.223779
19.224625
19.225461
19.228196
19.230113
19.230609
19.231269
19.235306
19.236734
19.237365
19.238107
19.238989
19.239305
19.240084
19.241279
19.241360
19.249669
19.250115
19.250814
19.254159
19.255414
19.257195
19.259684
19.262724
19.265138
19.265172
19.265254
19.265403
19.266331
19.270449
19.271263
19.275286
19.276507
19.277678
19.279005
19.279731
19.280051
19.281873
19.288640
19.291320
19.296756
19.297138
19.298687
19.299703
19.300631
19.301246
19.303907
19.304045
19.304572
19.304947
19.306123
19.308399
19.308704
19.312420
19.315035
19.317546
19.317553
19.320188
19.321223
19.322445
19.324446
19.324464
19.328660
19.333301
19.333419
19.333524
19.333582
19.335389
19.338018
19.340420
19.342120
19.342666
19.343443
19.347736
19.348587
19.349536
19.349924
19.350038
19.356471
19.358221
19.359019
19.361758
19.361769
19.364442
19.364960
19.366898
19.369685
19.371189
19.374028
19.375995
19.380634
19.380716
19.385094
19.387877
19.388035
19.390138
19.394833
19.398993
19.406704
19.406746
19.417086
19.420603
19.421377
19.421780
19.424063
19.425852
19.430211
19.432169
19.434485
19.439254
19.440589
19.441445
19.441486
19.441859
19.443577
19.444141
19.444633
19.445345
19.447978
19.448029
19.449622
19.450982
19.451395
19.452925
19.459004
19.460899
19.464535
19.466715
19.467395
19.467553
19.469093
19.469317
19.469331
19.469444
19.470398
19.476277
19.476882
19.477533
19.477872
19.477913
19.480730
19.482534
19.484460
19.484704
19.485519
19.490793
19.492646
19.496089
19.498945
19.499402
19.500086
19.500707
19.502019
19.503185
19.504284
19.508988
19.509861
19.510338
19.517364
19.519914
19.521208
19.522667
19.524026
19.525701
19.526097
19.528119
19.530132
19.535093
19.538175
19.538493
19.543232
19.543484
19.547569
19.547914
19.549037
19.549225
19.557623
19.558063
19.565901
19.566824
19.567249
19.567864
19.570930
19.571809
19.571989
19.574648
19.576140
19.576731
19.577120
19.580248
19.581497
19.585785
19.589576
19.590378
19.590789
19.592715
19.595601
19.598937
19.606343
19.608160
19.613574
19.618496
19.627696
19.629547
19.630168
19.633556
19.633863
19.634555
19.635807
19.636187
19.637216
19.638413
19.644639
19.646730
19.652175
19.655138
19.661219
19.661679
19.666267
19.674227
19.676819
19.682755
19.683522
19.687425
19.689108
19.692908
19.695005
19.697942
19.706990
19.707372
19.707694
19.709420
19.712568
19.714181
19.714688
19.719183
19.719341
19.722368
19.725608
19.725876
19.725930
19.731198
19.732357
19.734370
19.735104
19.740157
19.740218
19.743572
19.744458
19.751294
19.751732
19.753206
19.753370
19.760782
19.760974
19.764621
19.765154
19.767124
19.769947
19.776026
19.777083
19.780727
19.786015
19.787791
19.789404
19.794257
19.797484
19.801046
19.801389
19.801837
19.801858
19.803963
19.805218
19.806754
19.815600
19.819735
19.821298
19.821334
19.823045
19.823056
19.823353
19.827639
19.830515
19.833691
19.834204
19.835162
19.835233
19.835283
19.836322
19.837514
19.840040
19.840780
19.846701
19.847060
19.847202
19.851030
19.854491
19.856916
19.861213
19.864514
19.865281
19.866283
19.867072
19.868791
19.869640
19.870899
19.872052
19.872901
19.873595
19.874153
19.875671
19.875790
19.883660
19.888152
19.888437
19.890710
19.892241
19.892249
19.895482
19.900214
19.911240
19.912715
19.914199
19.914360
19.917982
19.919170
19.919442
19.920537
19.921341
19.922919
19.926564
19.926948
19.927748
19.929691
19.936250
19.937749
19.939652
19.939752
19.945382
19.946365
19.950033
19.950174
19.953797
19.954043
19.954287
19.956754
19.957351
19.958888
19.961470
19.962765
19.963151
19.964231
19.966402
19.966841
19.968403
19.969375
19.970597
19.972434
19.974095
19.976703
19.977031
19.979043
19.983387
19.984594
19.988422
19.989151
19.994136
19.997462
20.001072
20.002351
20.006791
20.007927
20.010753
20.011283
20.015310
20.015409
20.019040
20.019898
20.021938
20.022374
20.023406
20.028443
20.031966
20.033468
20.035920
20.038905
20.041953
20.042074
20.044115
20.046934
20.047426
20.049215
20.049255
20.053985
20.054140
20.054423
20.057544
20.061665
20.062904
20.064767
20.067524
20.067716
20.068478
20.071493
20.073588
20.076131
20.076468
20.080300
20.085352
20.089091
20.090184
20.093834
20.094756
20.098457
20.098481
20.100864
20.110303
20.110502
20.119719
20.123339
20.126226
20.126574
20.127887
20.130636
20.131272
20.135153
20.139650
20.141255
20.142988
20.145573
20.148141
20.148768
20.154074
20.154128
20.156450
20.156715
20.162978
20.165600
20.166183
20.166224
20.166405
20.166615
20.167259
20.167772
20.178500
20.178604
20.179537
20.186215
20.186270
20.197031
20.197747
20.205136
20.205558
20.210078
20.210437
20.213102
20.214580
20.217727
20.218334
20.221495
20.221664
20.222794
20.225037
20.225536
20.226443
20.228384
20.236211
20.236310
20.242124
20.244644
20.245630
20.250814
20.254513
20.254750
20.255394
20.255956
20.256111
20.258328
20.260665
20.270469
20.275130
20.276925
20.278257
20.278780
20.279061
20.279970
20.294528
20.303985
20.308727
20.310927
20.311847
20.314472
20.317431
20.323555
20.330983
20.334831
20.343052
20.356778
20.364357
20.369199
20.375706
20.379075
20.381357
20.383727
20.385178
20.386460
20.389247
20.395808
20.396942
20.400138
20.400702
20.402740
20.403773
20.404025
20.404525
20.404569
20.408749
20.414194
20.416293
20.427212
20.432261
20.437478
20.441300
20.450652
20.459440
20.460615
20.463032
20.465193
20.473195
20.478725
20.481667
20.482185
20.488805
20.489078
20.492214
20.497768
20.499129
20.505512
20.508015
20.508507
20.516377
20.525014
20.529273
20.529281
20.530691
20.532459
20.533557
20.535196
20.545828
20.550418
20.550439
20.553686
20.554600
20.558692
20.560351
20.560827
20.563516
20.564529
20.568564
20.573182
20.577167
20.578557
20.579291
20.584225
20.584596
20.588303
20.588582
20.591605
20.596940
20.597145
20.597256
20.598756
20.603021
20.605649
20.608228
20.610686
20.614755
20.620094
20.635819
20.638989
20.640153
20.640675
20.647685
20.649949
20.652757
20.653606
20.656104
20.659696
20.663932
20.666934
20.669725
20.670532
20.672312
20.673301
20.674166
20.675261
20.676211
20.684115
20.691270
20.695575
20.702918
20.703589
20.706540
20.708649
20.714442
20.719110
20.722415
20.727705
20.728259
20.730867
20.735081
20.738283
20.746331
20.753249
20.759478
20.760522
20.766671
20.767236
20.783461
20.795782
20.800342
20.801646
20.802069
20.806454
20.808014
20.811922
20.813682
20.818939
20.827541
20.833903
20.841071
20.847823
20.850234
20.858815
20.861756
20.865678
20.868641
20.871584
20.876621
20.881262
20.882611
20.891799
20.892394
20.899874
20.904624
20.905584
20.905807
20.913515
20.919182
20.921866
20.927102
20.948826
20.955033
20.955564
20.956804
20.958790
20.960825
20.966143
20.975032
20.976206
20.984756
20.988885
20.992136
20.998280
21.004853
21.006996
21.008933
21.011263
21.013176
21.021279
21.023216
21.030868
21.032094
21.049969
21.056877
21.059078
21.059115
21.067546
21.084314
21.085639
21.090351
21.091551
21.113658
21.114535
21.135088
21.142119
21.142489
21.146960
21.155362
21.165739
21.178888
21.190413
21.193471
21.194551
21.194939
21.196893
21.200256
21.203504
21.215816
21.224429
21.225427
21.226262
21.229663
21.231371
21.236909
21.243871
21.251456
21.253976
21.255081
21.272475
21.283503
21.290193
21.309265
21.312508
21.314658
21.320365
21.320884
21.325161
21.328378
21.343452
21.347886
21.351504
21.352696
21.357884
21.363214
21.365817
21.366932
21.367376
21.380960
21.392326
21.399319
21.400732
21.411352
21.413566
21.423017
21.424275
21.427179
21.432705
21.438121
21.468292
21.472645
21.482672
21.488110
21.488993
21.504477
21.514281
21.539853
21.555062
21.558383
21.563587
21.569013
21.569825
21.584654
21.584686
21.595992
21.612399
21.615834
21.624159
21.628308
21.642510
21.648799
21.663276
21.664560
21.671506
21.693892
21.694150
21.727634
21.780516
21.784368
21.788236
21.794424
21.798677
21.802871
21.804619
21.807973
21.827652
21.838772
21.840785
21.869886
21.887898
21.914912
21.921524
21.970844
21.998054
22.008718
22.048589
22.053886
22.095000
22.133148
22.139068
22.242584
